{
  "file": "P:\\Animation_Weapon\\Weapon_template_controlrig_v3_refstyle.blend",
  "mode": "OBJECT",
  "active_object": "DAT_ControlRigV3",
  "selected_objects": [
    "DAT_ControlRigV3"
  ],
  "armatures": [
    {
      "object": "_DayZ_Character",
      "data": "Armature",
      "bone_count": 163,
      "matrix_world": [
        [
          1.0,
          0.0,
          0.0,
          0.0
        ],
        [
          0.0,
          1.0,
          0.0,
          0.0
        ],
        [
          0.0,
          0.0,
          1.0,
          0.0
        ],
        [
          0.0,
          0.0,
          0.0,
          1.0
        ]
      ],
      "bones": [
        {
          "name": "EntityPosition",
          "parent": null,
          "head_local": [
            0.0,
            0.0,
            0.0
          ],
          "tail_local": [
            0.0,
            0.0,
            0.10000000149011612
          ],
          "matrix_local": [
            [
              1.0,
              0.0,
              0.0,
              0.0
            ],
            [
              0.0,
              0.0,
              -1.0,
              0.0
            ],
            [
              0.0,
              1.0,
              0.0,
              0.0
            ],
            [
              0.0,
              0.0,
              0.0,
              1.0
            ]
          ],
          "use_connect": false
        },
        {
          "name": "Pelvis",
          "parent": null,
          "head_local": [
            0.0,
            0.0,
            1.0
          ],
          "tail_local": [
            2.220446578645905e-17,
            -4.3711398944878965e-09,
            1.100000023841858
          ],
          "matrix_local": [
            [
              1.0,
              2.220446049250313e-16,
              2.220445519854721e-16,
              0.0
            ],
            [
              2.220445784552517e-16,
              -4.371139183945161e-08,
              -1.0,
              0.0
            ],
            [
              -2.220446049250313e-16,
              1.0,
              -1.1920928955078125e-07,
              1.0
            ],
            [
              0.0,
              0.0,
              0.0,
              1.0
            ]
          ],
          "use_connect": false
        },
        {
          "name": "LeftUpLeg",
          "parent": "Pelvis",
          "head_local": [
            0.1029999852180481,
            3.4969112050475815e-09,
            0.9200000166893005
          ],
          "tail_local": [
            0.11883944272994995,
            0.002216586610302329,
            0.7055957317352295
          ],
          "matrix_local": [
            [
              -0.9972901344299316,
              0.07367189973592758,
              0.000377655029296875,
              0.1029999852180481
            ],
            [
              0.00038504923577420413,
              0.010309691540896893,
              -0.9999469518661499,
              3.4969105389137667e-09
            ],
            [
              -0.0736718475818634,
              -0.997229278087616,
              -0.010310040786862373,
              0.9200000166893005
            ],
            [
              0.0,
              0.0,
              0.0,
              1.0
            ]
          ],
          "use_connect": false
        },
        {
          "name": "LeftUpLegRoll",
          "parent": "LeftUpLeg",
          "head_local": [
            0.11883942782878876,
            0.002216591266915202,
            0.7055957317352295
          ],
          "tail_local": [
            0.12620660662651062,
            0.0032475627958774567,
            0.6058727502822876
          ],
          "matrix_local": [
            [
              -0.9972901344299316,
              0.07367174327373505,
              0.00037778555997647345,
              0.11883942782878876
            ],
            [
              0.00038491812301799655,
              0.010309710167348385,
              -0.9999469518661499,
              0.0022165917325764894
            ],
            [
              -0.07367169111967087,
              -0.997229278087616,
              -0.01031005010008812,
              0.7055957317352295
            ],
            [
              0.0,
              0.0,
              0.0,
              1.0
            ]
          ],
          "use_connect": false
        },
        {
          "name": "LeftKneeExtra",
          "parent": "LeftUpLegRoll",
          "head_local": [
            0.13394592702388763,
            -0.005672447383403778,
            0.5010606050491333
          ],
          "tail_local": [
            0.1376081258058548,
            -3.390433266758919e-05,
            0.45151469111442566
          ],
          "matrix_local": [
            [
              -0.9972901940345764,
              0.07324394583702087,
              0.007928422652184963,
              0.13394592702388763
            ],
            [
              0.00038507915451191366,
              0.11277079582214355,
              -0.9936211109161377,
              -0.0056724464520812035
            ],
            [
              -0.07367078959941864,
              -0.9909177422523499,
              -0.11249253898859024,
              0.5010606050491333
            ],
            [
              0.0,
              0.0,
              0.0,
              1.0
            ]
          ],
          "use_connect": false
        },
        {
          "name": "LeftLeg",
          "parent": "LeftUpLegRoll",
          "head_local": [
            0.1339421570301056,
            0.00433008186519146,
            0.5011637210845947
          ],
          "tail_local": [
            0.14989842474460602,
            0.04403650760650635,
            0.2853655517101288
          ],
          "matrix_local": [
            [
              -0.997290313243866,
              0.07252845168113708,
              0.012920302338898182,
              0.1339421570301056
            ],
            [
              0.0003852251684293151,
              0.18048368394374847,
              -0.983578085899353,
              0.004330082330852747
            ],
            [
              -0.07366926223039627,
              -0.9809003472328186,
              -0.18002116680145264,
              0.5011637210845947
            ],
            [
              0.0,
              0.0,
              0.0,
              1.0
            ]
          ],
          "use_connect": false
        },
        {
          "name": "LeftLegRoll",
          "parent": "LeftLeg",
          "head_local": [
            0.1498984396457672,
            0.044036537408828735,
            0.28536558151245117
          ],
          "tail_local": [
            0.16331623494625092,
            0.07742605358362198,
            0.10389900207519531
          ],
          "matrix_local": [
            [
              -0.997290313243866,
              0.07252861559391022,
              0.012920414097607136,
              0.1498984396457672
            ],
            [
              0.00038515686173923314,
              0.1804838627576828,
              -0.9835780262947083,
              0.044036541134119034
            ],
            [
              -0.0736694410443306,
              -0.9809002876281738,
              -0.18002133071422577,
              0.28536558151245117
            ],
            [
              0.0,
              0.0,
              0.0,
              1.0
            ]
          ],
          "use_connect": false
        },
        {
          "name": "LeftFoot",
          "parent": "LeftLegRoll",
          "head_local": [
            0.16331622004508972,
            0.07742604613304138,
            0.1038990169763565
          ],
          "tail_local": [
            0.16335178911685944,
            0.07633921504020691,
            -0.05563214421272278
          ],
          "matrix_local": [
            [
              -1.0000065565109253,
              0.00022296863608062267,
              0.001425015740096569,
              0.16331622004508972
            ],
            [
              -0.0014243889600038528,
              -0.006812497973442078,
              -0.9999759197235107,
              0.07742606103420258
            ],
            [
              -0.00021378346718847752,
              -0.9999768137931824,
              0.006812825798988342,
              0.10389898717403412
            ],
            [
              0.0,
              0.0,
              0.0,
              1.0
            ]
          ],
          "use_connect": false
        },
        {
          "name": "LeftToeBase",
          "parent": "LeftFoot",
          "head_local": [
            0.16352753341197968,
            -0.058154016733169556,
            0.019819382578134537
          ],
          "tail_local": [
            0.16362367570400238,
            -0.12561896443367004,
            0.020279020071029663
          ],
          "matrix_local": [
            [
              -1.0000065565109253,
              0.001425035996362567,
              -0.0001927909761434421,
              0.16352754831314087
            ],
            [
              -0.0014242036268115044,
              -0.9999759197235107,
              0.00681254081428051,
              -0.05815401300787926
            ],
            [
              -0.0001836065639508888,
              0.006812825798988342,
              0.9999768137931824,
              0.019819341599941254
            ],
            [
              0.0,
              0.0,
              0.0,
              1.0
            ]
          ],
          "use_connect": false
        },
        {
          "name": "LeftToeBase_End",
          "parent": "LeftToeBase",
          "head_local": [
            0.16362367570400238,
            -0.12561896443367004,
            0.020279020071029663
          ],
          "tail_local": [
            0.16376617550849915,
            -0.22561657428741455,
            0.020960301160812378
          ],
          "matrix_local": [
            [
              -1.0000065565109253,
              0.0014249979285523295,
              -0.0002032816846622154,
              0.16362369060516357
            ],
            [
              -0.0014242370380088687,
              -0.9999759197235107,
              0.00681250961497426,
              -0.12561896443367004
            ],
            [
              -0.00019409724336583167,
              0.0068128095008432865,
              0.9999768137931824,
              0.02027897909283638
            ],
            [
              0.0,
              0.0,
              0.0,
              1.0
            ]
          ],
          "use_connect": false
        },
        {
          "name": "RightUpLeg",
          "parent": "Pelvis",
          "head_local": [
            -0.10300000011920929,
            3.4969116491367913e-09,
            0.9199999570846558
          ],
          "tail_local": [
            -0.08716069161891937,
            -0.0022166958078742027,
            1.134404182434082
          ],
          "matrix_local": [
            [
              -0.9972825050354004,
              0.07367125153541565,
              0.000382837257348001,
              -0.10300000011920929
            ],
            [
              -0.00037777714896947145,
              -0.010310233570635319,
              0.9999467730522156,
              3.4969105389137667e-09
            ],
            [
              0.07367125153541565,
              0.9972295165061951,
              0.010310119949281216,
              0.9199999570846558
            ],
            [
              0.0,
              0.0,
              0.0,
              1.0
            ]
          ],
          "use_connect": false
        },
        {
          "name": "RightUpLegRoll",
          "parent": "RightUpLeg",
          "head_local": [
            -0.1188393235206604,
            0.002216711174696684,
            0.7055957317352295
          ],
          "tail_local": [
            -0.11147218942642212,
            0.0011856950586661696,
            0.8053187131881714
          ],
          "matrix_local": [
            [
              -0.9972825050354004,
              0.07367130368947983,
              0.0003827302425634116,
              -0.1188393086194992
            ],
            [
              -0.0003778793616220355,
              -0.0103101572021842,
              0.9999467730522156,
              0.0022167107090353966
            ],
            [
              0.07367130368947983,
              0.9972295165061951,
              0.010310051031410694,
              0.7055957913398743
            ],
            [
              0.0,
              0.0,
              0.0,
              1.0
            ]
          ],
          "use_connect": false
        },
        {
          "name": "RightKneeExtra",
          "parent": "RightUpLegRoll",
          "head_local": [
            -0.1339457780122757,
            -0.005672819912433624,
            0.5010604858398438
          ],
          "tail_local": [
            -0.13028359413146973,
            -0.01131129264831543,
            0.5506064295768738
          ],
          "matrix_local": [
            [
              -0.9972825050354004,
              0.07324360311031342,
              0.007933483459055424,
              -0.1339457631111145
            ],
            [
              -0.0003777804668061435,
              -0.11276932060718536,
              0.9936211705207825,
              -0.005672819446772337
            ],
            [
              0.07367101311683655,
              0.9909182190895081,
              0.11249063909053802,
              0.5010605454444885
            ],
            [
              0.0,
              0.0,
              0.0,
              1.0
            ]
          ],
          "use_connect": false
        },
        {
          "name": "RightLeg",
          "parent": "RightUpLegRoll",
          "head_local": [
            -0.13394194841384888,
            0.004330294206738472,
            0.50116366147995
          ],
          "tail_local": [
            -0.11798560619354248,
            -0.03537566214799881,
            0.7169618010520935
          ],
          "matrix_local": [
            [
              -0.9972825646400452,
              0.07252883166074753,
              0.012925706803798676,
              -0.13394193351268768
            ],
            [
              -0.00037770395283587277,
              -0.1804816573858261,
              0.9835782647132874,
              0.004330293741077185
            ],
            [
              0.07367060333490372,
              0.9809008240699768,
              0.18001870810985565,
              0.5011637210845947
            ],
            [
              0.0,
              0.0,
              0.0,
              1.0
            ]
          ],
          "use_connect": false
        },
        {
          "name": "RightLegRoll",
          "parent": "RightLeg",
          "head_local": [
            -0.14989829063415527,
            0.04403623938560486,
            0.2853655517101288
          ],
          "tail_local": [
            -0.136480450630188,
            0.010647177696228027,
            0.46683210134506226
          ],
          "matrix_local": [
            [
              -0.9972825646400452,
              0.0725288912653923,
              0.012925773859024048,
              -0.14989827573299408
            ],
            [
              -0.000377641583327204,
              -0.18048155307769775,
              0.9835782647132874,
              0.04403624311089516
            ],
            [
              0.07367067784070969,
              0.9809008240699768,
              0.1800186038017273,
              0.28536561131477356
            ],
            [
              0.0,
              0.0,
              0.0,
              1.0
            ]
          ],
          "use_connect": false
        },
        {
          "name": "RightFoot",
          "parent": "RightLegRoll",
          "head_local": [
            -0.16331613063812256,
            0.07742530107498169,
            0.10389898717403412
          ],
          "tail_local": [
            -0.16328100860118866,
            0.07851164788007736,
            0.2634274959564209
          ],
          "matrix_local": [
            [
              -0.999998927116394,
              0.00022014742717146873,
              0.0014295000582933426,
              -0.16331611573696136
            ],
            [
              0.0014309678226709366,
              0.006809547543525696,
              0.9999758005142212,
              0.07742530852556229
            ],
            [
              0.00021035806275904179,
              0.9999770522117615,
              -0.006809800863265991,
              0.1038990467786789
            ],
            [
              0.0,
              0.0,
              0.0,
              1.0
            ]
          ],
          "use_connect": false
        },
        {
          "name": "RightToeBase",
          "parent": "RightFoot",
          "head_local": [
            -0.16352781653404236,
            -0.05815250054001808,
            0.019820764660835266
          ],
          "tail_local": [
            -0.16343137621879578,
            0.009312432259321213,
            0.019361333921551704
          ],
          "matrix_local": [
            [
              -0.999998927116394,
              0.0014294532593339682,
              -0.00022007166990078986,
              -0.16352780163288116
            ],
            [
              0.0014309205580502748,
              0.9999758005142212,
              -0.006809547543525696,
              -0.05815250799059868
            ],
            [
              0.00021028262563049793,
              -0.006809800863265991,
              -0.9999770522117615,
              0.01982082426548004
            ],
            [
              0.0,
              0.0,
              0.0,
              1.0
            ]
          ],
          "use_connect": false
        },
        {
          "name": "RightToeBase_End",
          "parent": "RightToeBase",
          "head_local": [
            -0.16362425684928894,
            -0.12561742961406708,
            0.020280195400118828
          ],
          "tail_local": [
            -0.16357603669166565,
            -0.09188496321439743,
            0.02005048096179962
          ],
          "matrix_local": [
            [
              -0.999998927116394,
              0.00142945337574929,
              -0.00022007159714121372,
              -0.16362424194812775
            ],
            [
              0.0014309206744655967,
              0.9999758005142212,
              -0.006809471640735865,
              -0.12561745941638947
            ],
            [
              0.0002102826547343284,
              -0.00680972496047616,
              -0.9999770522117615,
              0.020280253142118454
            ],
            [
              0.0,
              0.0,
              0.0,
              1.0
            ]
          ],
          "use_connect": false
        },
        {
          "name": "Spine",
          "parent": "Pelvis",
          "head_local": [
            6.661331795003835e-18,
            -1.3113403696252135e-09,
            1.0299999713897705
          ],
          "tail_local": [
            -2.776011642779963e-09,
            0.0015701407101005316,
            1.059958815574646
          ],
          "matrix_local": [
            [
              1.0,
              -9.253384547491805e-08,
              7.818341032361786e-07,
              6.66133014064261e-18
            ],
            [
              7.856056072341744e-07,
              0.0523381382226944,
              -0.9986293911933899,
              -1.3113407026921209e-09
            ],
            [
              5.148733706050734e-08,
              0.9986294507980347,
              0.05233806371688843,
              1.0299999713897705
            ],
            [
              0.0,
              0.0,
              0.0,
              1.0
            ]
          ],
          "use_connect": false
        },
        {
          "name": "Spine1",
          "parent": "Spine",
          "head_local": [
            -1.5446514067818384e-09,
            4.106383499902222e-08,
            1.059999942779541
          ],
          "tail_local": [
            5.880382847323062e-09,
            0.008066285401582718,
            1.1367440223693848
          ],
          "matrix_local": [
            [
              1.0,
              9.622057461911027e-08,
              -1.349486979052017e-06,
              -1.5446515178041409e-09
            ],
            [
              -1.3521519122150494e-06,
              0.10452994704246521,
              -0.9945217370986938,
              4.1211023926734924e-08
            ],
            [
              4.5368246048838046e-08,
              0.9945217370986938,
              0.10452987998723984,
              1.059999942779541
            ],
            [
              0.0,
              0.0,
              0.0,
              1.0
            ]
          ],
          "use_connect": false
        },
        {
          "name": "Spine2",
          "parent": "Spine1",
          "head_local": [
            5.880376185984915e-09,
            0.008066288195550442,
            1.1367440223693848
          ],
          "tail_local": [
            2.1899030144822973e-08,
            0.023709740489721298,
            1.2355128526687622
          ],
          "matrix_local": [
            [
              1.0,
              1.6018657333916053e-07,
              -9.290550906371209e-07,
              5.880377074163334e-09
            ],
            [
              -9.426754559171968e-07,
              0.1564345359802246,
              -0.9876883625984192,
              0.008066287264227867
            ],
            [
              -1.2878178523578754e-08,
              0.9876883625984192,
              0.15643446147441864,
              1.1367440223693848
            ],
            [
              0.0,
              0.0,
              0.0,
              1.0
            ]
          ],
          "use_connect": false
        },
        {
          "name": "Spine3",
          "parent": "Spine2",
          "head_local": [
            2.8206631697003104e-08,
            0.030406517907977104,
            1.2351022958755493
          ],
          "tail_local": [
            3.006940119121282e-08,
            0.03040657378733158,
            1.3351023197174072
          ],
          "matrix_local": [
            [
              1.0,
              1.8627673625815078e-08,
              -1.7695126643957337e-06,
              2.8206635249716783e-08
            ],
            [
              -1.7695124370220583e-06,
              5.513429641723633e-07,
              -1.0,
              0.030406517907977104
            ],
            [
              -1.862683518538688e-08,
              1.0000001192092896,
              4.6193599700927734e-07,
              1.2351022958755493
            ],
            [
              0.0,
              0.0,
              0.0,
              1.0
            ]
          ],
          "use_connect": false
        },
        {
          "name": "Neck",
          "parent": "Spine3",
          "head_local": [
            6.213367154117577e-09,
            0.015294673852622509,
            1.48996901512146
          ],
          "tail_local": [
            -4.411422338534976e-08,
            0.002012736164033413,
            1.5652925968170166
          ],
          "matrix_local": [
            [
              1.0,
              -6.580007720913272e-07,
              -4.053105840284843e-06,
              6.2133693745636265e-09
            ],
            [
              -4.105790139874443e-06,
              -0.1736527681350708,
              -0.9848069548606873,
              0.015294672921299934
            ],
            [
              -5.582966267070333e-08,
              0.9848069548606873,
              -0.17365285754203796,
              1.48996901512146
            ],
            [
              0.0,
              0.0,
              0.0,
              1.0
            ]
          ],
          "use_connect": false
        },
        {
          "name": "Neck1",
          "parent": "Neck",
          "head_local": [
            -5.1262205147395434e-08,
            0.00029422936495393515,
            1.5649693012237549
          ],
          "tail_local": [
            -4.816853405031907e-08,
            0.0002939909172710031,
            1.6199692487716675
          ],
          "matrix_local": [
            [
              1.0,
              5.624855248242966e-08,
              -2.2087178876972757e-06,
              -5.1262205147395434e-08
            ],
            [
              -2.208717432949925e-06,
              -4.336237907409668e-06,
              -0.9999999403953552,
              0.00029422808438539505
            ],
            [
              -5.625835797218315e-08,
              1.0,
              -4.425644874572754e-06,
              1.5649693012237549
            ],
            [
              0.0,
              0.0,
              0.0,
              1.0
            ]
          ],
          "use_connect": false
        },
        {
          "name": "Head",
          "parent": "Neck1",
          "head_local": [
            -4.818295451514132e-08,
            0.0002939909172710031,
            1.6199692487716675
          ],
          "tail_local": [
            -4.2584307635706864e-08,
            0.0002935573866125196,
            1.7199692726135254
          ],
          "matrix_local": [
            [
              1.0,
              5.598645103077615e-08,
              -2.2089800495450618e-06,
              -4.8182958067855e-08
            ],
            [
              -2.208979594797711e-06,
              -4.335305675340351e-06,
              -0.9999999403953552,
              0.0002939895784948021
            ],
            [
              -5.599625296781596e-08,
              1.0,
              -4.424712642503437e-06,
              1.6199692487716675
            ],
            [
              0.0,
              0.0,
              0.0,
              1.0
            ]
          ],
          "use_connect": false
        },
        {
          "name": "Camera1st_lock",
          "parent": "Head",
          "head_local": [
            0.028299884870648384,
            -0.023606296628713608,
            1.6720693111419678
          ],
          "tail_local": [
            0.02829977124929428,
            -0.07360631227493286,
            1.6720690727233887
          ],
          "matrix_local": [
            [
              5.676517389474611e-08,
              -2.24623249778233e-06,
              -0.9999998807907104,
              0.028299884870648384
            ],
            [
              4.7078333409444895e-06,
              -0.9999997615814209,
              2.112122501785052e-06,
              -0.023606298491358757
            ],
            [
              -0.9999999403953552,
              -4.797240308107575e-06,
              -5.6755009580911064e-08,
              1.6720693111419678
            ],
            [
              0.0,
              0.0,
              0.0,
              1.0
            ]
          ],
          "use_connect": false
        },
        {
          "name": "Camera1st_free",
          "parent": "Head",
          "head_local": [
            0.02829989418387413,
            -0.023606296628713608,
            1.6720693111419678
          ],
          "tail_local": [
            0.028299780562520027,
            -0.07360631227493286,
            1.6720690727233887
          ],
          "matrix_local": [
            [
              5.676517389474611e-08,
              -2.24623249778233e-06,
              -0.9999998807907104,
              0.02829989418387413
            ],
            [
              4.7078333409444895e-06,
              -0.9999997615814209,
              2.112122501785052e-06,
              -0.023606298491358757
            ],
            [
              -0.9999999403953552,
              -4.797240308107575e-06,
              -5.6755009580911064e-08,
              1.6720693111419678
            ],
            [
              0.0,
              0.0,
              0.0,
              1.0
            ]
          ],
          "use_connect": false
        },
        {
          "name": "Face_Hub",
          "parent": "Head",
          "head_local": [
            -4.583149504355788e-08,
            0.0002938088437076658,
            1.661969780921936
          ],
          "tail_local": [
            -4.0232848164123425e-08,
            0.0002933753130491823,
            1.761969804763794
          ],
          "matrix_local": [
            [
              1.0,
              5.598645103077615e-08,
              -2.2089800495450618e-06,
              -4.583149859627156e-08
            ],
            [
              -2.208979594797711e-06,
              -4.335305675340351e-06,
              -0.9999999403953552,
              0.0002938075049314648
            ],
            [
              -5.599625296781596e-08,
              1.0,
              -4.424712642503437e-06,
              1.661969780921936
            ],
            [
              0.0,
              0.0,
              0.0,
              1.0
            ]
          ],
          "use_connect": false
        },
        {
          "name": "Face_EyelidUpperLeft",
          "parent": "Face_Hub",
          "head_local": [
            0.035003662109375,
            0.044194359332323074,
            1.6525278091430664
          ],
          "tail_local": [
            0.035003662109375,
            0.044194143265485764,
            1.7025277614593506
          ],
          "matrix_local": [
            [
              1.0,
              -1.8519425992735705e-08,
              -2.250083980470663e-06,
              0.0350036658346653
            ],
            [
              -2.2500837530969875e-06,
              -4.335305675340351e-06,
              -0.9999999403953552,
              0.044194359332323074
            ],
            [
              1.8509442867298276e-08,
              1.0,
              -4.424712642503437e-06,
              1.6525278091430664
            ],
            [
              0.0,
              0.0,
              0.0,
              1.0
            ]
          ],
          "use_connect": false
        },
        {
          "name": "Face_EyelidUpperRight",
          "parent": "Face_Hub",
          "head_local": [
            -0.03499649837613106,
            0.044194500893354416,
            1.6525274515151978
          ],
          "tail_local": [
            -0.034996502101421356,
            0.044194284826517105,
            1.7025275230407715
          ],
          "matrix_local": [
            [
              1.0,
              -9.302496550844808e-08,
              -2.1755779471277492e-06,
              -0.03499649465084076
            ],
            [
              -2.1755781745014247e-06,
              -4.335305220593e-06,
              -0.9999999403953552,
              0.044194500893354416
            ],
            [
              9.30153092326691e-08,
              1.0,
              -4.424712642503437e-06,
              1.6525274515151978
            ],
            [
              0.0,
              0.0,
              0.0,
              1.0
            ]
          ],
          "use_connect": false
        },
        {
          "name": "Face_Jawbone",
          "parent": "Face_Hub",
          "head_local": [
            -9.30491097506092e-08,
            -0.02014094404876232,
            1.624866247177124
          ],
          "tail_local": [
            -8.82071660157635e-08,
            -0.020141378045082092,
            1.724866271018982
          ],
          "matrix_local": [
            [
              1.0,
              4.8419437348456995e-08,
              -2.2165470454638125e-06,
              -9.304911685603656e-08
            ],
            [
              -2.2165465907164617e-06,
              -4.335305675340351e-06,
              -0.9999999403953552,
              -0.02014094591140747
            ],
            [
              -4.8429271259919915e-08,
              1.0,
              -4.424712642503437e-06,
              1.624866247177124
            ],
            [
              0.0,
              0.0,
              0.0,
              1.0
            ]
          ],
          "use_connect": false
        },
        {
          "name": "Face_Chin",
          "parent": "Face_Jawbone",
          "head_local": [
            -1.1622145024148267e-07,
            -0.030805347487330437,
            1.6344846487045288
          ],
          "tail_local": [
            -1.138004819267735e-07,
            -0.030805565416812897,
            1.6844847202301025
          ],
          "matrix_local": [
            [
              1.0,
              4.841930589805088e-08,
              -2.216546818090137e-06,
              -1.1622145734691003e-07
            ],
            [
              -2.216546363342786e-06,
              -4.35393212683266e-06,
              -0.9999999403953552,
              -0.030805349349975586
            ],
            [
              -4.8429182442077945e-08,
              1.0,
              -4.443339093995746e-06,
              1.6344846487045288
            ],
            [
              0.0,
              0.0,
              0.0,
              1.0
            ]
          ],
          "use_connect": false
        },
        {
          "name": "Face_ChopLeft",
          "parent": "Face_Jawbone",
          "head_local": [
            0.05000004544854164,
            -0.1758051961660385,
            1.57448410987854
          ],
          "tail_local": [
            0.05000004917383194,
            -0.17580541968345642,
            1.6244840621948242
          ],
          "matrix_local": [
            [
              1.0,
              4.8419433795743316e-08,
              -2.2798865302320337e-06,
              0.05000004544854164
            ],
            [
              -2.279886075484683e-06,
              -4.335305220593e-06,
              -0.9999999403953552,
              -0.1758052110671997
            ],
            [
              -4.842955192430054e-08,
              0.9999999403953552,
              -4.424712642503437e-06,
              1.57448410987854
            ],
            [
              0.0,
              0.0,
              0.0,
              1.0
            ]
          ],
          "use_connect": false
        },
        {
          "name": "Face_ChopRight",
          "parent": "Face_Jawbone",
          "head_local": [
            -0.04999662935733795,
            -0.17580488324165344,
            1.57448410987854
          ],
          "tail_local": [
            -0.04999662935733795,
            -0.17580509185791016,
            1.6244840621948242
          ],
          "matrix_local": [
            [
              1.0,
              -2.6085778870310605e-08,
              -2.2053802695154445e-06,
              -0.04999662935733795
            ],
            [
              -2.205380042141769e-06,
              -4.037281996716047e-06,
              -0.9999999403953552,
              -0.17580488324165344
            ],
            [
              2.6076655501583446e-08,
              1.0,
              -4.126688963879133e-06,
              1.57448410987854
            ],
            [
              0.0,
              0.0,
              0.0,
              1.0
            ]
          ],
          "use_connect": false
        },
        {
          "name": "Face_Jowl",
          "parent": "Face_Jawbone",
          "head_local": [
            -1.775131721615253e-07,
            -0.0544453002512455,
            1.4508625268936157
          ],
          "tail_local": [
            -1.7602351931600424e-07,
            -0.05444551631808281,
            1.5008625984191895
          ],
          "matrix_local": [
            [
              1.0,
              2.9792923683658046e-08,
              -2.235173496956122e-06,
              -1.7751318637238e-07
            ],
            [
              -2.2351730422087712e-06,
              -4.335305675340351e-06,
              -0.9999999403953552,
              -0.0544453039765358
            ],
            [
              -2.980283753117874e-08,
              1.0,
              -4.424712642503437e-06,
              1.4508625268936157
            ],
            [
              0.0,
              0.0,
              0.0,
              1.0
            ]
          ],
          "use_connect": false
        },
        {
          "name": "Face_LipLowerLeft",
          "parent": "Face_Jawbone",
          "head_local": [
            0.015003756619989872,
            -0.09985224157571793,
            1.602145791053772
          ],
          "tail_local": [
            0.015003758482635021,
            -0.09985245764255524,
            1.6521458625793457
          ],
          "matrix_local": [
            [
              1.0,
              4.8419437348456995e-08,
              -2.2426331725000637e-06,
              0.015003756619989872
            ],
            [
              -2.2426327177527128e-06,
              -4.335305675340351e-06,
              -0.9999999403953552,
              -0.09985224157571793
            ],
            [
              -4.8429384946757636e-08,
              1.0,
              -4.424712642503437e-06,
              1.602145791053772
            ],
            [
              0.0,
              0.0,
              0.0,
              1.0
            ]
          ],
          "use_connect": false
        },
        {
          "name": "Face_LipLowerMiddle",
          "parent": "Face_Jawbone",
          "head_local": [
            -2.8391485784595716e-07,
            -0.10580512136220932,
            1.6044844388961792
          ],
          "tail_local": [
            -2.824251907895814e-07,
            -0.10580533742904663,
            1.654484510421753
          ],
          "matrix_local": [
            [
              1.0,
              2.9793065792205198e-08,
              -2.2351737243297976e-06,
              -2.8391482942424773e-07
            ],
            [
              -2.2351732695824467e-06,
              -4.335305675340351e-06,
              -0.9999999403953552,
              -0.10580512136220932
            ],
            [
              -2.980297963972589e-08,
              1.0,
              -4.424712642503437e-06,
              1.6044844388961792
            ],
            [
              0.0,
              0.0,
              0.0,
              1.0
            ]
          ],
          "use_connect": false
        },
        {
          "name": "Face_LipLowerRight",
          "parent": "Face_Jawbone",
          "head_local": [
            -0.01499631442129612,
            -0.09985217452049255,
            1.602145791053772
          ],
          "tail_local": [
            -0.01499631255865097,
            -0.09985239058732986,
            1.6521458625793457
          ],
          "matrix_local": [
            [
              1.0,
              4.8419437348456995e-08,
              -2.2426331725000637e-06,
              -0.01499631442129612
            ],
            [
              -2.2426327177527128e-06,
              -4.335305675340351e-06,
              -0.9999999403953552,
              -0.09985216706991196
            ],
            [
              -4.8429384946757636e-08,
              1.0,
              -4.424712642503437e-06,
              1.602145791053772
            ],
            [
              0.0,
              0.0,
              0.0,
              1.0
            ]
          ],
          "use_connect": false
        },
        {
          "name": "Face_Tongue",
          "parent": "Face_Jawbone",
