{
  "file": "P:\\Animation_Weapon\\Weapon_template.blend",
  "frame_current": 0,
  "frame_start": 0,
  "frame_end": 1,
  "armature": "_DayZ_Character",
  "actions": [
    {
      "name": "aks74u",
      "frame_range": [
        0.0,
        1.0
      ],
      "groups": [
        "LeftHandRing",
        "LeftHandRing1",
        "LeftHandRing2",
        "LeftHandRing3",
        "LeftHandMiddle1",
        "LeftHandMiddle2",
        "LeftHandMiddle3",
        "LeftHandIndex1",
        "LeftHandIndex2",
        "LeftHandIndex3",
        "LeftHandThumb1",
        "LeftHandThumb2",
        "LeftHandThumb3",
        "LeftHandPinky",
        "LeftHandPinky1",
        "LeftHandPinky2",
        "LeftHandPinky3",
        "LeftHand_Dummy",
        "RightHandRing",
        "RightHandRing1",
        "RightHandRing2",
        "RightHandRing3",
        "RightHandThumb1",
        "RightHandThumb2",
        "RightHandThumb3",
        "RightHandMiddle1",
        "RightHandMiddle2",
        "RightHandMiddle3",
        "RightHandIndex1",
        "RightHandIndex2",
        "RightHandIndex3",
        "RightHandPinky",
        "RightHandPinky1",
        "RightHandPinky2",
        "RightHandPinky3",
        "RightHand_Dummy",
        "LeftHandIKTarget",
        "RightHandOrigin",
        "RightForeArmDirectionOrigin",
        "RightForeArmDirection",
        "LeftHandOrigin",
        "LeftForeArmDirectionOrigin",
        "LeftForeArmDirection"
      ],
      "fcurve_count": 301,
      "fcurves_sample": [
        {
          "data_path": "pose.bones[\"LeftHandRing\"].location",
          "array_index": 0,
          "keys": 2
        },
        {
          "data_path": "pose.bones[\"LeftHandRing\"].location",
          "array_index": 1,
          "keys": 2
        },
        {
          "data_path": "pose.bones[\"LeftHandRing\"].location",
          "array_index": 2,
          "keys": 2
        },
        {
          "data_path": "pose.bones[\"LeftHandRing\"].rotation_quaternion",
          "array_index": 0,
          "keys": 2
        },
        {
          "data_path": "pose.bones[\"LeftHandRing\"].rotation_quaternion",
          "array_index": 1,
          "keys": 2
        },
        {
          "data_path": "pose.bones[\"LeftHandRing\"].rotation_quaternion",
          "array_index": 2,
          "keys": 2
        },
        {
          "data_path": "pose.bones[\"LeftHandRing\"].rotation_quaternion",
          "array_index": 3,
          "keys": 2
        },
        {
          "data_path": "pose.bones[\"LeftHandRing1\"].location",
          "array_index": 0,
          "keys": 2
        },
        {
          "data_path": "pose.bones[\"LeftHandRing1\"].location",
          "array_index": 1,
          "keys": 2
        },
        {
          "data_path": "pose.bones[\"LeftHandRing1\"].location",
          "array_index": 2,
          "keys": 2
        },
        {
          "data_path": "pose.bones[\"LeftHandRing1\"].rotation_quaternion",
          "array_index": 0,
          "keys": 1
        },
        {
          "data_path": "pose.bones[\"LeftHandRing1\"].rotation_quaternion",
          "array_index": 1,
          "keys": 1
        },
        {
          "data_path": "pose.bones[\"LeftHandRing1\"].rotation_quaternion",
          "array_index": 2,
          "keys": 1
        },
        {
          "data_path": "pose.bones[\"LeftHandRing1\"].rotation_quaternion",
          "array_index": 3,
          "keys": 1
        },
        {
          "data_path": "pose.bones[\"LeftHandRing2\"].location",
          "array_index": 0,
          "keys": 2
        },
        {
          "data_path": "pose.bones[\"LeftHandRing2\"].location",
          "array_index": 1,
          "keys": 2
        },
        {
          "data_path": "pose.bones[\"LeftHandRing2\"].location",
          "array_index": 2,
          "keys": 2
        },
        {
          "data_path": "pose.bones[\"LeftHandRing2\"].rotation_quaternion",
          "array_index": 0,
          "keys": 2
        },
        {
          "data_path": "pose.bones[\"LeftHandRing2\"].rotation_quaternion",
          "array_index": 1,
          "keys": 2
        },
        {
          "data_path": "pose.bones[\"LeftHandRing2\"].rotation_quaternion",
          "array_index": 2,
          "keys": 2
        },
        {
          "data_path": "pose.bones[\"LeftHandRing2\"].rotation_quaternion",
          "array_index": 3,
          "keys": 2
        },
        {
          "data_path": "pose.bones[\"LeftHandRing3\"].location",
          "array_index": 0,
          "keys": 2
        },
        {
          "data_path": "pose.bones[\"LeftHandRing3\"].location",
          "array_index": 1,
          "keys": 2
        },
        {
          "data_path": "pose.bones[\"LeftHandRing3\"].location",
          "array_index": 2,
          "keys": 2
        },
        {
          "data_path": "pose.bones[\"LeftHandRing3\"].rotation_quaternion",
          "array_index": 0,
          "keys": 2
        },
        {
          "data_path": "pose.bones[\"LeftHandRing3\"].rotation_quaternion",
          "array_index": 1,
          "keys": 2
        },
        {
          "data_path": "pose.bones[\"LeftHandRing3\"].rotation_quaternion",
          "array_index": 2,
          "keys": 2
        },
        {
          "data_path": "pose.bones[\"LeftHandRing3\"].rotation_quaternion",
          "array_index": 3,
          "keys": 2
        },
        {
          "data_path": "pose.bones[\"LeftHandMiddle1\"].location",
          "array_index": 0,
          "keys": 2
        },
        {
          "data_path": "pose.bones[\"LeftHandMiddle1\"].location",
          "array_index": 1,
          "keys": 2
        },
        {
          "data_path": "pose.bones[\"LeftHandMiddle1\"].location",
          "array_index": 2,
          "keys": 2
        },
        {
          "data_path": "pose.bones[\"LeftHandMiddle1\"].rotation_quaternion",
          "array_index": 0,
          "keys": 2
        },
        {
          "data_path": "pose.bones[\"LeftHandMiddle1\"].rotation_quaternion",
          "array_index": 1,
          "keys": 2
        },
        {
          "data_path": "pose.bones[\"LeftHandMiddle1\"].rotation_quaternion",
          "array_index": 2,
          "keys": 2
        },
        {
          "data_path": "pose.bones[\"LeftHandMiddle1\"].rotation_quaternion",
          "array_index": 3,
          "keys": 2
        },
        {
          "data_path": "pose.bones[\"LeftHandMiddle2\"].location",
          "array_index": 0,
          "keys": 2
        },
        {
          "data_path": "pose.bones[\"LeftHandMiddle2\"].location",
          "array_index": 1,
          "keys": 2
        },
        {
          "data_path": "pose.bones[\"LeftHandMiddle2\"].location",
          "array_index": 2,
          "keys": 2
        },
        {
          "data_path": "pose.bones[\"LeftHandMiddle2\"].rotation_quaternion",
          "array_index": 0,
          "keys": 2
        },
        {
          "data_path": "pose.bones[\"LeftHandMiddle2\"].rotation_quaternion",
          "array_index": 1,
          "keys": 2
        },
        {
          "data_path": "pose.bones[\"LeftHandMiddle2\"].rotation_quaternion",
          "array_index": 2,
          "keys": 2
        },
        {
          "data_path": "pose.bones[\"LeftHandMiddle2\"].rotation_quaternion",
          "array_index": 3,
          "keys": 2
        },
        {
          "data_path": "pose.bones[\"LeftHandMiddle3\"].location",
          "array_index": 0,
          "keys": 2
        },
        {
          "data_path": "pose.bones[\"LeftHandMiddle3\"].location",
          "array_index": 1,
          "keys": 2
        },
        {
          "data_path": "pose.bones[\"LeftHandMiddle3\"].location",
          "array_index": 2,
          "keys": 2
        },
        {
          "data_path": "pose.bones[\"LeftHandMiddle3\"].rotation_quaternion",
          "array_index": 0,
          "keys": 2
        },
        {
          "data_path": "pose.bones[\"LeftHandMiddle3\"].rotation_quaternion",
          "array_index": 1,
          "keys": 2
        },
        {
          "data_path": "pose.bones[\"LeftHandMiddle3\"].rotation_quaternion",
          "array_index": 2,
          "keys": 2
        },
        {
          "data_path": "pose.bones[\"LeftHandMiddle3\"].rotation_quaternion",
          "array_index": 3,
          "keys": 2
        },
        {
          "data_path": "pose.bones[\"LeftHandIndex1\"].location",
          "array_index": 0,
          "keys": 2
        },
        {
          "data_path": "pose.bones[\"LeftHandIndex1\"].location",
          "array_index": 1,
          "keys": 2
        },
        {
          "data_path": "pose.bones[\"LeftHandIndex1\"].location",
          "array_index": 2,
          "keys": 2
        },
        {
          "data_path": "pose.bones[\"LeftHandIndex1\"].rotation_quaternion",
          "array_index": 0,
          "keys": 2
        },
        {
          "data_path": "pose.bones[\"LeftHandIndex1\"].rotation_quaternion",
          "array_index": 1,
          "keys": 2
        },
        {
          "data_path": "pose.bones[\"LeftHandIndex1\"].rotation_quaternion",
          "array_index": 2,
          "keys": 2
        },
        {
          "data_path": "pose.bones[\"LeftHandIndex1\"].rotation_quaternion",
          "array_index": 3,
          "keys": 2
        },
        {
          "data_path": "pose.bones[\"LeftHandIndex2\"].location",
          "array_index": 0,
          "keys": 2
        },
        {
          "data_path": "pose.bones[\"LeftHandIndex2\"].location",
          "array_index": 1,
          "keys": 2
        },
        {
          "data_path": "pose.bones[\"LeftHandIndex2\"].location",
          "array_index": 2,
          "keys": 2
        },
        {
          "data_path": "pose.bones[\"LeftHandIndex2\"].rotation_quaternion",
          "array_index": 0,
          "keys": 1
        },
        {
          "data_path": "pose.bones[\"LeftHandIndex2\"].rotation_quaternion",
          "array_index": 1,
          "keys": 1
        },
        {
          "data_path": "pose.bones[\"LeftHandIndex2\"].rotation_quaternion",
          "array_index": 2,
          "keys": 1
        },
        {
          "data_path": "pose.bones[\"LeftHandIndex2\"].rotation_quaternion",
          "array_index": 3,
          "keys": 1
        },
        {
          "data_path": "pose.bones[\"LeftHandIndex3\"].location",
          "array_index": 0,
          "keys": 2
        },
        {
          "data_path": "pose.bones[\"LeftHandIndex3\"].location",
          "array_index": 1,
          "keys": 2
        },
        {
          "data_path": "pose.bones[\"LeftHandIndex3\"].location",
          "array_index": 2,
          "keys": 2
        },
        {
          "data_path": "pose.bones[\"LeftHandIndex3\"].rotation_quaternion",
          "array_index": 0,
          "keys": 2
        },
        {
          "data_path": "pose.bones[\"LeftHandIndex3\"].rotation_quaternion",
          "array_index": 1,
          "keys": 2
        },
        {
          "data_path": "pose.bones[\"LeftHandIndex3\"].rotation_quaternion",
          "array_index": 2,
          "keys": 2
        },
        {
          "data_path": "pose.bones[\"LeftHandIndex3\"].rotation_quaternion",
          "array_index": 3,
          "keys": 2
        },
        {
          "data_path": "pose.bones[\"LeftHandThumb1\"].location",
          "array_index": 0,
          "keys": 2
        },
        {
          "data_path": "pose.bones[\"LeftHandThumb1\"].location",
          "array_index": 1,
          "keys": 2
        },
        {
          "data_path": "pose.bones[\"LeftHandThumb1\"].location",
          "array_index": 2,
          "keys": 2
        },
        {
          "data_path": "pose.bones[\"LeftHandThumb1\"].rotation_quaternion",
          "array_index": 0,
          "keys": 2
        },
        {
          "data_path": "pose.bones[\"LeftHandThumb1\"].rotation_quaternion",
          "array_index": 1,
          "keys": 2
        },
        {
          "data_path": "pose.bones[\"LeftHandThumb1\"].rotation_quaternion",
          "array_index": 2,
          "keys": 2
        },
        {
          "data_path": "pose.bones[\"LeftHandThumb1\"].rotation_quaternion",
          "array_index": 3,
          "keys": 2
        },
        {
          "data_path": "pose.bones[\"LeftHandThumb2\"].location",
          "array_index": 0,
          "keys": 2
        },
        {
          "data_path": "pose.bones[\"LeftHandThumb2\"].location",
          "array_index": 1,
          "keys": 2
        },
        {
          "data_path": "pose.bones[\"LeftHandThumb2\"].location",
          "array_index": 2,
          "keys": 2
        }
      ]
    },
    {
      "name": "p_rfl_erc_idle_ras",
      "frame_range": [
        0.0,
        172.0
      ],
      "groups": [
        "EntityPosition",
        "Collision",
        "Pelvis",
        "LeftUpLeg",
        "LeftUpLegRoll",
        "LeftKneeExtra",
        "LeftLeg",
        "LeftLegRoll",
        "LeftFoot",
        "LeftToeBase",
        "RightUpLeg",
        "RightUpLegRoll",
        "RightKneeExtra",
        "RightLeg",
        "RightLegRoll",
        "RightFoot",
        "RightToeBase",
        "Spine",
        "Spine1",
        "Spine2",
        "Spine3",
        "Neck",
        "Neck1",
        "Head",
        "LeftShoulder",
        "LeftArm",
        "LeftArmRoll",
        "LeftForeArm",
        "LeftForeArmRoll",
        "LeftHand",
        "LeftWristExtra",
        "LeftForeArmExtra",
        "LeftElbowExtra",
        "LeftArmExtra",
        "RightShoulder",
        "RightArm",
        "RightArmExtra",
        "RightArmRoll",
        "RightForeArm",
        "RightForeArmRoll",
        "RightHand",
        "RightWristExtra",
        "RightForeArmExtra",
        "RightElbowExtra",
        "RightHipExtra",
        "LeftHipExtra"
      ],
      "fcurve_count": 226,
      "fcurves_sample": [
        {
          "data_path": "pose.bones[\"EntityPosition\"].location",
          "array_index": 0,
          "keys": 1
        },
        {
          "data_path": "pose.bones[\"EntityPosition\"].location",
          "array_index": 1,
          "keys": 1
        },
        {
          "data_path": "pose.bones[\"EntityPosition\"].location",
          "array_index": 2,
          "keys": 1
        },
        {
          "data_path": "pose.bones[\"EntityPosition\"].rotation_quaternion",
          "array_index": 0,
          "keys": 1
        },
        {
          "data_path": "pose.bones[\"EntityPosition\"].rotation_quaternion",
          "array_index": 1,
          "keys": 1
        },
        {
          "data_path": "pose.bones[\"EntityPosition\"].rotation_quaternion",
          "array_index": 2,
          "keys": 1
        },
        {
          "data_path": "pose.bones[\"EntityPosition\"].rotation_quaternion",
          "array_index": 3,
          "keys": 1
        },
        {
          "data_path": "pose.bones[\"Collision\"].location",
          "array_index": 0,
          "keys": 1
        },
        {
          "data_path": "pose.bones[\"Collision\"].location",
          "array_index": 1,
          "keys": 1
        },
        {
          "data_path": "pose.bones[\"Collision\"].location",
          "array_index": 2,
          "keys": 1
        },
        {
          "data_path": "pose.bones[\"Collision\"].rotation_quaternion",
          "array_index": 0,
          "keys": 1
        },
        {
          "data_path": "pose.bones[\"Collision\"].rotation_quaternion",
          "array_index": 1,
          "keys": 1
        },
        {
          "data_path": "pose.bones[\"Collision\"].rotation_quaternion",
          "array_index": 2,
          "keys": 1
        },
        {
          "data_path": "pose.bones[\"Collision\"].rotation_quaternion",
          "array_index": 3,
          "keys": 1
        },
        {
          "data_path": "pose.bones[\"Pelvis\"].location",
          "array_index": 0,
          "keys": 173
        },
        {
          "data_path": "pose.bones[\"Pelvis\"].location",
          "array_index": 1,
          "keys": 173
        },
        {
          "data_path": "pose.bones[\"Pelvis\"].location",
          "array_index": 2,
          "keys": 173
        },
        {
          "data_path": "pose.bones[\"Pelvis\"].rotation_quaternion",
          "array_index": 0,
          "keys": 110
        },
        {
          "data_path": "pose.bones[\"Pelvis\"].rotation_quaternion",
          "array_index": 1,
          "keys": 110
        },
        {
          "data_path": "pose.bones[\"Pelvis\"].rotation_quaternion",
          "array_index": 2,
          "keys": 110
        },
        {
          "data_path": "pose.bones[\"Pelvis\"].rotation_quaternion",
          "array_index": 3,
          "keys": 110
        },
        {
          "data_path": "pose.bones[\"LeftUpLeg\"].rotation_quaternion",
          "array_index": 0,
          "keys": 112
        },
        {
          "data_path": "pose.bones[\"LeftUpLeg\"].rotation_quaternion",
          "array_index": 1,
          "keys": 112
        },
        {
          "data_path": "pose.bones[\"LeftUpLeg\"].rotation_quaternion",
          "array_index": 2,
          "keys": 112
        },
        {
          "data_path": "pose.bones[\"LeftUpLeg\"].rotation_quaternion",
          "array_index": 3,
          "keys": 112
        },
        {
          "data_path": "pose.bones[\"LeftUpLegRoll\"].rotation_quaternion",
          "array_index": 0,
          "keys": 117
        },
        {
          "data_path": "pose.bones[\"LeftUpLegRoll\"].rotation_quaternion",
          "array_index": 1,
          "keys": 117
        },
        {
          "data_path": "pose.bones[\"LeftUpLegRoll\"].rotation_quaternion",
          "array_index": 2,
          "keys": 117
        },
        {
          "data_path": "pose.bones[\"LeftUpLegRoll\"].rotation_quaternion",
          "array_index": 3,
          "keys": 117
        },
        {
          "data_path": "pose.bones[\"LeftKneeExtra\"].location",
          "array_index": 0,
          "keys": 1
        },
        {
          "data_path": "pose.bones[\"LeftKneeExtra\"].location",
          "array_index": 1,
          "keys": 1
        },
        {
          "data_path": "pose.bones[\"LeftKneeExtra\"].location",
          "array_index": 2,
          "keys": 1
        },
        {
          "data_path": "pose.bones[\"LeftKneeExtra\"].rotation_quaternion",
          "array_index": 0,
          "keys": 109
        },
        {
          "data_path": "pose.bones[\"LeftKneeExtra\"].rotation_quaternion",
          "array_index": 1,
          "keys": 109
        },
        {
          "data_path": "pose.bones[\"LeftKneeExtra\"].rotation_quaternion",
          "array_index": 2,
          "keys": 109
        },
        {
          "data_path": "pose.bones[\"LeftKneeExtra\"].rotation_quaternion",
          "array_index": 3,
          "keys": 109
        },
        {
          "data_path": "pose.bones[\"LeftLeg\"].rotation_quaternion",
          "array_index": 0,
          "keys": 97
        },
        {
          "data_path": "pose.bones[\"LeftLeg\"].rotation_quaternion",
          "array_index": 1,
          "keys": 97
        },
        {
          "data_path": "pose.bones[\"LeftLeg\"].rotation_quaternion",
          "array_index": 2,
          "keys": 97
        },
        {
          "data_path": "pose.bones[\"LeftLeg\"].rotation_quaternion",
          "array_index": 3,
          "keys": 97
        },
        {
          "data_path": "pose.bones[\"LeftLegRoll\"].rotation_quaternion",
          "array_index": 0,
          "keys": 119
        },
        {
          "data_path": "pose.bones[\"LeftLegRoll\"].rotation_quaternion",
          "array_index": 1,
          "keys": 119
        },
        {
          "data_path": "pose.bones[\"LeftLegRoll\"].rotation_quaternion",
          "array_index": 2,
          "keys": 119
        },
        {
          "data_path": "pose.bones[\"LeftLegRoll\"].rotation_quaternion",
          "array_index": 3,
          "keys": 119
        },
        {
          "data_path": "pose.bones[\"LeftFoot\"].rotation_quaternion",
          "array_index": 0,
          "keys": 93
        },
        {
          "data_path": "pose.bones[\"LeftFoot\"].rotation_quaternion",
          "array_index": 1,
          "keys": 93
        },
        {
          "data_path": "pose.bones[\"LeftFoot\"].rotation_quaternion",
          "array_index": 2,
          "keys": 93
        },
        {
          "data_path": "pose.bones[\"LeftFoot\"].rotation_quaternion",
          "array_index": 3,
          "keys": 93
        },
        {
          "data_path": "pose.bones[\"LeftToeBase\"].rotation_quaternion",
          "array_index": 0,
          "keys": 173
        },
        {
          "data_path": "pose.bones[\"LeftToeBase\"].rotation_quaternion",
          "array_index": 1,
          "keys": 173
        },
        {
          "data_path": "pose.bones[\"LeftToeBase\"].rotation_quaternion",
          "array_index": 2,
          "keys": 173
        },
        {
          "data_path": "pose.bones[\"LeftToeBase\"].rotation_quaternion",
          "array_index": 3,
          "keys": 173
        },
        {
          "data_path": "pose.bones[\"RightUpLeg\"].rotation_quaternion",
          "array_index": 0,
          "keys": 115
        },
        {
          "data_path": "pose.bones[\"RightUpLeg\"].rotation_quaternion",
          "array_index": 1,
          "keys": 115
        },
        {
          "data_path": "pose.bones[\"RightUpLeg\"].rotation_quaternion",
          "array_index": 2,
          "keys": 115
        },
        {
          "data_path": "pose.bones[\"RightUpLeg\"].rotation_quaternion",
          "array_index": 3,
          "keys": 115
        },
        {
          "data_path": "pose.bones[\"RightUpLegRoll\"].rotation_quaternion",
          "array_index": 0,
          "keys": 125
        },
        {
          "data_path": "pose.bones[\"RightUpLegRoll\"].rotation_quaternion",
          "array_index": 1,
          "keys": 125
        },
        {
          "data_path": "pose.bones[\"RightUpLegRoll\"].rotation_quaternion",
          "array_index": 2,
          "keys": 125
        },
        {
          "data_path": "pose.bones[\"RightUpLegRoll\"].rotation_quaternion",
          "array_index": 3,
          "keys": 125
        },
        {
          "data_path": "pose.bones[\"RightKneeExtra\"].location",
          "array_index": 0,
          "keys": 1
        },
        {
          "data_path": "pose.bones[\"RightKneeExtra\"].location",
          "array_index": 1,
          "keys": 1
        },
        {
          "data_path": "pose.bones[\"RightKneeExtra\"].location",
          "array_index": 2,
          "keys": 1
        },
        {
          "data_path": "pose.bones[\"RightKneeExtra\"].rotation_quaternion",
          "array_index": 0,
          "keys": 113
        },
        {
          "data_path": "pose.bones[\"RightKneeExtra\"].rotation_quaternion",
          "array_index": 1,
          "keys": 113
        },
        {
          "data_path": "pose.bones[\"RightKneeExtra\"].rotation_quaternion",
          "array_index": 2,
          "keys": 113
        },
        {
          "data_path": "pose.bones[\"RightKneeExtra\"].rotation_quaternion",
          "array_index": 3,
          "keys": 113
        },
        {
          "data_path": "pose.bones[\"RightLeg\"].rotation_quaternion",
          "array_index": 0,
          "keys": 96
        },
        {
          "data_path": "pose.bones[\"RightLeg\"].rotation_quaternion",
          "array_index": 1,
          "keys": 96
        },
        {
          "data_path": "pose.bones[\"RightLeg\"].rotation_quaternion",
          "array_index": 2,
          "keys": 96
        },
        {
          "data_path": "pose.bones[\"RightLeg\"].rotation_quaternion",
          "array_index": 3,
          "keys": 96
        },
        {
          "data_path": "pose.bones[\"RightLegRoll\"].rotation_quaternion",
          "array_index": 0,
          "keys": 117
        },
        {
          "data_path": "pose.bones[\"RightLegRoll\"].rotation_quaternion",
          "array_index": 1,
          "keys": 117
        },
        {
          "data_path": "pose.bones[\"RightLegRoll\"].rotation_quaternion",
          "array_index": 2,
          "keys": 117
        },
        {
          "data_path": "pose.bones[\"RightLegRoll\"].rotation_quaternion",
          "array_index": 3,
          "keys": 117
        },
        {
          "data_path": "pose.bones[\"RightFoot\"].rotation_quaternion",
          "array_index": 0,
          "keys": 119
        },
        {
          "data_path": "pose.bones[\"RightFoot\"].rotation_quaternion",
          "array_index": 1,
          "keys": 119
        },
        {
          "data_path": "pose.bones[\"RightFoot\"].rotation_quaternion",
          "array_index": 2,
          "keys": 119
        },
        {
          "data_path": "pose.bones[\"RightFoot\"].rotation_quaternion",
          "array_index": 3,
          "keys": 119
        },
        {
          "data_path": "pose.bones[\"RightToeBase\"].rotation_quaternion",
          "array_index": 0,
          "keys": 142
        }
      ]
    }
  ],
  "armature_action": "aks74u",
  "nla": [
    {
      "name": "NlaTrack",
      "strips": [
        {
          "name": "p_rfl_erc_idle_ras",
          "action": "p_rfl_erc_idle_ras",
          "frame_start": 0.0,
          "frame_end": 172.0
        }
      ]
    }
  ],
  "objects": [
    {
      "name": "1",
      "type": "MESH",
      "parent": null,
      "parent_bone": null,
      "matrix_world": [
        [
          -0.8350272178649902,
          -0.5501795411109924,
          0.005610421299934387,
          -0.14774839580059052
        ],
        [
          0.13831201195716858,
          -0.20003041625022888,
          0.969978392124176,
          0.024931520223617554
        ],
        [
          -0.5325404405593872,
          0.8107340335845947,
          0.24312695860862732,
          1.29896879196167
        ],
        [
          0.0,
          0.0,
          0.0,
          1.0
        ]
      ],
      "constraints": [
        {
          "name": "Child Of",
          "type": "CHILD_OF",
          "target": "_DayZ_Character",
          "subtarget": "Weapon_Root"
        }
      ]
    },
    {
      "name": "1.001",
      "type": "MESH",
      "parent": null,
      "parent_bone": null,
      "matrix_world": [
        [
          -0.8350334167480469,
          -0.5501858592033386,
          0.003758267732337117,
          -0.14774839580059052
        ],
        [
          0.13675493001937866,
          -0.20093154907226562,
          0.970012903213501,
          0.024931520223617554
        ],
        [
          -0.5329326391220093,
          0.8105068802833557,
          0.24302487075328827,
          1.29896879196167
        ],
        [
          0.0,
          0.0,
          0.0,
          1.0
        ]
      ],
      "constraints": [
        {
          "name": "Child Of",
          "type": "CHILD_OF",
          "target": "_DayZ_Character",
          "subtarget": "Weapon_Magazine"
        }
      ]
    }
  ],
  "frames": {
    "0": {
      "RightArm": {
        "name": "RightArm",
        "matrix": [
          [
            -0.37055060267448425,
            0.9234114289283752,
            0.10002059489488602,
            0.19588299095630646
          ],
          [
            -0.05966584384441376,
            -0.13112977147102356,
            0.9895681142807007,
            -0.02799757942557335
          ],
          [
            0.9268943071365356,
            0.36071693897247314,
            0.10368657112121582,
            1.4040286540985107
          ],
          [
            0.0,
            0.0,
            0.0,
            1.0
          ]
        ],
        "matrix_basis": [
          [
            0.9170986413955688,
            0.04191359132528305,
            -0.3964509963989258,
            0.0
          ],
          [
            -0.3404307961463928,
            0.5998294949531555,
            -0.7240935564041138,
            0.0
          ],
          [
            0.2074536383152008,
            0.7990293502807617,
            0.5643714666366577,
            0.0
          ],
          [
            0.0,
            0.0,
            0.0,
            1.0
          ]
        ],
        "location": [
          0.0,
          0.0,
          0.0
        ],
        "rotation_mode": "QUATERNION",
        "rotation_quaternion": [
          0.8776812553405762,
          0.43384823203086853,
          -0.1720169484615326,
          -0.10890745371580124
        ],
        "rotation_euler": [
          0.0,
          0.0,
          0.0
        ],
        "scale": [
          1.0,
          1.0,
          1.0
        ],
        "constraints": []
      },
      "RightArmRoll": {
        "name": "RightArmRoll",
        "matrix": [
          [
            -0.3373430669307709,
            0.9410461783409119,
            -0.0251359473913908,
            0.011200830340385437
          ],
          [
            -0.4911218285560608,
            -0.1531510204076767,
            0.8575219511985779,
            -0.0017716437578201294
          ],
          [
            0.8031187057495117,
            0.3016233444213867,
            0.5138335824012756,
            1.3318854570388794
          ],
          [
            0.0,
            0.0,
            0.0,
            1.0
          ]
        ],
        "matrix_basis": [
          [
            0.857035219669342,
            -2.245041832793504e-05,
            0.5152578353881836,
            0.0
          ],
          [
            1.2477944437705446e-05,
            1.0,
            2.2816497221356258e-05,
            0.0
          ],
          [
            -0.5152578353881836,
            -1.3125183613738045e-05,
            0.857035219669342,
            0.0
          ],
          [
            0.0,
            0.0,
            0.0,
            1.0
          ]
        ],
        "location": [
          0.0,
          0.0,
          0.0
        ],
        "rotation_mode": "QUATERNION",
        "rotation_quaternion": [
          0.9635961651802063,
          -9.324881830252707e-06,
          0.26736190915107727,
          9.06198147276882e-06
        ],
        "rotation_euler": [
          0.0,
          0.0,
          0.0
        ],
        "scale": [
          1.0,
          1.0,
          1.0
        ],
        "constraints": []
      },
      "RightForeArm": {
        "name": "RightForeArm",
        "matrix": [
          [
            0.05364825576543808,
            0.9333192110061646,
            -0.3550164997577667,
            -0.07349344342947006
          ],
          [
            -0.866285502910614,
            -0.13333049416542053,
            -0.4814271628856659,
            0.012011924758553505
          ],
          [
            -0.4966611862182617,
            0.33337298035621643,
            0.801368236541748,
            1.3047393560409546
          ],
          [
            0.0,
            0.0,
            0.0,
            1.0
          ]
        ],
        "matrix_basis": [
          [
            0.9971228837966919,
            4.264518338459311e-06,
            -0.07580192387104034,
            0.0
          ],
          [
            -0.0683676153421402,
            -0.4318431317806244,
            -0.8993538618087769,
            0.0
          ],
          [
            -0.032738372683525085,
            0.9019487500190735,
            -0.4306003749370575,
            0.0
          ],
          [
            0.0,
            0.0,
            0.0,
            1.0
          ]
        ],
        "location": [
          0.0,
          0.0,
          0.0
        ],
        "rotation_mode": "QUATERNION",
        "rotation_quaternion": [
          0.5326066613197327,
          0.8455126285552979,
          -0.020213579759001732,
          -0.03209304437041283
        ],
        "rotation_euler": [
          0.0,
          0.0,
          0.0
        ],
        "scale": [
          1.0,
          1.0,
          1.0
        ],
        "constraints": []
      },
      "RightForeArmRoll": {
        "name": "RightForeArmRoll",
        "matrix": [
          [
            0.2872415781021118,
            0.8811208605766296,
            -0.3756563365459442,
            -0.26389020681381226
          ],
          [
            -0.6190295815467834,
            -0.1285179704427719,
            -0.7747815847396851,
            0.039211321622133255
          ],
          [
            -0.730954647064209,
            0.4550913870334625,
            0.5085241794586182,
            1.2367314100265503
          ],
          [
            0.0,
            0.0,
            0.0,
            1.0
          ]
        ],
        "matrix_basis": [
          [
            0.887747049331665,
            -9.68507052334644e-08,
            -0.4603317081928253,
            0.0
          ],
          [
            -6.332931548058696e-07,
            1.0,
            -1.431695750397921e-06,
            0.0
          ],
          [
            0.4603317081928253,
            1.562508487040759e-06,
            0.887747049331665,
            0.0
          ],
          [
            0.0,
            0.0,
            0.0,
            1.0
          ]
        ],
        "location": [
          0.0,
          0.0,
          0.0
        ],
        "rotation_mode": "QUATERNION",
        "rotation_quaternion": [
          0.9715315103530884,
          7.70485428347456e-07,
          -0.23691026866436005,
          -1.3804037735098973e-07
        ],
        "rotation_euler": [
          0.0,
          0.0,
          0.0
        ],
        "scale": [
          1.0,
          1.0,
          1.0
        ],
        "constraints": []
      },
      "RightHand": {
        "name": "RightHand",
        "matrix": [
          [
            -0.6419684886932373,
            -0.7665760517120361,
            0.015384695492684841,
            -0.3264502286911011
          ],
          [
            -0.003390785539522767,
            -0.017227083444595337,
            -0.9998458027839661,
            0.048336103558540344
          ],
          [
            0.7667227387428284,
            -0.6419222354888916,
            0.00846006814390421,
            1.2044196128845215
          ],
          [
            0.0,
            0.0,
            0.0,
            1.0
          ]
        ],
        "matrix_basis": [
          [
            0.7644477486610413,
            -0.5581622123718262,
            -0.32260605692863464,
            0.0
          ],
          [
            0.6279059648513794,
            0.5311976671218872,
            0.5688263177871704,
            0.0
          ],
          [
            -0.14612968266010284,
            -0.637404203414917,
            0.756546139717102,
            0.0
          ],
          [
            0.0,
            0.0,
            0.0,
            1.0
          ]
        ],
        "location": [
          0.0,
          0.0,
          0.0
        ],
        "rotation_mode": "QUATERNION",
        "rotation_quaternion": [
          0.8735257983207703,
          -0.34521856904029846,
          -0.050506871193647385,
          0.3394482135772705
        ],
        "rotation_euler": [
          0.0,
          0.0,
          0.0
        ],
        "scale": [
          1.0,
          1.0,
          1.0
        ],
        "constraints": [
          {
            "name": "DayZ WeaponIK Preview",
            "type": "IK",
            "mute": false,
            "influence": 1.0,
            "target": "_DayZ_Character",
            "subtarget": "RightHandOrigin",
            "pole_target": "_DayZ_Character",
            "pole_subtarget": "RightForeArmDirection",
            "chain_count": 5
          }
        ]
      },
      "RightHand_Dummy": {
        "name": "RightHand_Dummy",
        "matrix": [
          [
            -0.005616679787635803,
            -0.8350268602371216,
            0.5501799583435059,
            -0.1477484107017517
          ],
          [
            -0.9699774384498596,
            0.1383192539215088,
            0.2000301480293274,
            0.024931490421295166
          ],
          [
            -0.24313071370124817,
            -0.5325390696525574,
            -0.8107337951660156,
            1.29896879196167
          ],
          [
            0.0,
            0.0,
            0.0,
            1.0
          ]
        ],
        "matrix_basis": [
          [
            0.030338430777192116,
            -0.7301284670829773,
            0.6826363205909729,
            0.4590153694152832
          ],
          [
            0.9690994620323181,
            -0.14577573537826538,
            -0.19898737967014313,
            0.31312263011932373
          ],
          [
            0.24479801952838898,
            0.6675793528556824,
            0.7031442523002625,
            -0.552463173866272
          ],
          [
            0.0,
            0.0,
            0.0,
            1.0
          ]
        ],
        "location": [
          0.4590153694152832,
          0.31312263011932373,
          -0.552463173866272
        ],
        "rotation_mode": "QUATERNION",
        "rotation_quaternion": [
          0.6300213932991028,
          0.3438640832901001,
          0.1737394779920578,
          0.6742740273475647
        ],
        "rotation_euler": [
          0.0,
          0.0,
          0.0
        ],
        "scale": [
          1.0,
          1.0,
          1.0
        ],
        "constraints": []
      },
      "RightHandOrigin": {
        "name": "RightHandOrigin",
        "matrix": [
          [
            -0.6438933610916138,
            -0.7649438977241516,
            0.016187816858291626,
            -0.586097776889801
          ],
          [
            -0.0034027695655822754,
            -0.018294155597686768,
            -0.9998269081115723,
            0.07342731952667236
          ],
          [
            0.7651076912879944,
            -0.6438369154930115,
            0.009176557883620262,
            1.0718847513198853
          ],
          [
            0.0,
            0.0,
            0.0,
            1.0
          ]
        ],
        "matrix_basis": [
          [
            1.0,
            0.0,
            0.0,
            0.0
          ],
          [
            0.0,
            -1.0,
            0.0,
            0.0
          ],
          [
            0.0,
            0.0,
            -1.0,
            0.0
          ],
          [
            0.0,
            0.0,
            0.0,
            1.0
          ]
        ],
        "location": [
          0.0,
          0.0,
          0.0
        ],
        "rotation_mode": "QUATERNION",
        "rotation_quaternion": [
          0.0,
          0.0,
          0.0,
          0.0
        ],
        "rotation_euler": [
          0.0,
          0.0,
          0.0
        ],
        "scale": [
          1.0,
          1.0,
          1.0
        ],
        "constraints": []
      },
      "RightForeArmDirectionOrigin": {
        "name": "RightForeArmDirectionOrigin",
        "matrix": [
          [
            -0.6438926458358765,
            -0.7649441361427307,
            0.016187310218811035,
            0.42057549953460693
          ],
          [
            -0.0034022927284240723,
            -0.018294155597686768,
            -0.9998268485069275,
            0.03382136672735214
          ],
          [
            0.7651081681251526,
            -0.6438362002372742,
            0.009176932275295258,
            1.2313287258148193
          ],
          [
            0.0,
            0.0,
            0.0,
            1.0
          ]
        ],
