{
  "instance": "ref",
  "file": "C:\\Users\\sysro\\Downloads\\BlenderPoses (2).blend",
  "mode": "POSE",
  "active_object": "rig",
  "selected_objects": [
    "rig"
  ],
  "armatures": [
    {
      "object": "Armature",
      "data": "Armature",
      "bone_count": 156,
      "matrix_world": [
        [
          0.009999999776482582,
          0.0,
          0.0,
          0.0
        ],
        [
          0.0,
          -1.6292067694934076e-09,
          -0.009999999776482582,
          0.0
        ],
        [
          0.0,
          0.009999999776482582,
          -1.6292067694934076e-09,
          0.0
        ],
        [
          0.0,
          0.0,
          0.0,
          1.0
        ]
      ],
      "bones": [
        {
          "name": "Root",
          "parent": null,
          "head_local": [
            1.751999967325446e-08,
            0.0,
            0.0
          ],
          "tail_local": [
            1.751999967325446e-08,
            46.73843765258789,
            2.0430024960660376e-06
          ],
          "matrix_local": [
            [
              1.0,
              0.0,
              0.0,
              1.751999967325446e-08
            ],
            [
              0.0,
              1.0,
              -4.3711398944878965e-08,
              0.0
            ],
            [
              0.0,
              4.3711398944878965e-08,
              1.0,
              0.0
            ],
            [
              0.0,
              0.0,
              0.0,
              1.0
            ]
          ],
          "use_connect": false,
          "hide": false
        },
        {
          "name": "Hips",
          "parent": "Root",
          "head_local": [
            9.5373070507776e-07,
            93.45499420166016,
            -2.02227783203125
          ],
          "tail_local": [
            -5.158365183888236e-07,
            93.45499420166016,
            9.945564270019531
          ],
          "matrix_local": [
            [
              -1.0,
              -1.227929971037156e-07,
              2.8202805424371036e-08,
              9.5373070507776e-07
            ],
            [
              2.8202810753441554e-08,
              -4.3711398944878965e-08,
              1.0,
              93.45499420166016
            ],
            [
              -1.227929971037156e-07,
              1.0,
              4.371138828673793e-08,
              -2.022278070449829
            ],
            [
              0.0,
              0.0,
              0.0,
              1.0
            ]
          ],
          "use_connect": false,
          "hide": false
        },
        {
          "name": "Spine1",
          "parent": "Hips",
          "head_local": [
            2.8301568022470747e-07,
            98.39177703857422,
            -1.5456398725509644
          ],
          "tail_local": [
            -7.735936833341839e-07,
            97.75882720947266,
            6.78742790222168
          ],
          "matrix_local": [
            [
              -1.0,
              -1.2643296543046745e-07,
              1.4595235242609306e-08,
              2.8301565180299804e-07
            ],
            [
              2.412912181171123e-08,
              -0.07573821395635605,
              0.9971277117729187,
              98.39177703857422
            ],
            [
              -1.2496440149334376e-07,
              0.9971276521682739,
              0.07573821395635605,
              -1.545639991760254
            ],
            [
              0.0,
              0.0,
              0.0,
              1.0
            ]
          ],
          "use_connect": false,
          "hide": false
        },
        {
          "name": "Spine2",
          "parent": "Spine1",
          "head_local": [
            5.184856490814127e-07,
            103.74007415771484,
            -1.1394070386886597
          ],
          "tail_local": [
            -3.701732111949241e-06,
            103.89839172363281,
            3.440781593322754
          ],
          "matrix_local": [
            [
              -1.0,
              -9.208569622387586e-07,
              -7.239456863317173e-06,
              5.184856490814127e-07
            ],
            [
              -7.26694634067826e-06,
              0.03454503417015076,
              0.9994031190872192,
              103.74007415771484
            ],
            [
              -6.70220060783322e-07,
              0.9994030594825745,
              -0.03454502671957016,
              -1.1394073963165283
            ],
            [
              0.0,
              0.0,
              0.0,
              1.0
            ]
          ],
          "use_connect": false,
          "hide": false
        },
        {
          "name": "Spine3",
          "parent": "Spine2",
          "head_local": [
            -3.242561433580704e-05,
            108.32025909423828,
            -1.297719120979309
          ],
          "tail_local": [
            -4.4008476834278554e-05,
            109.13618469238281,
            7.174765586853027
          ],
          "matrix_local": [
            [
              -1.0,
              -1.3608198514702963e-06,
              -7.5859429671254475e-06,
              -3.242561433580704e-05
            ],
            [
              -7.681454917474184e-06,
              0.09585952013731003,
              0.9953948855400085,
              108.32025909423828
            ],
            [
              -6.273683084145887e-07,
              0.995394766330719,
              -0.09585951268672943,
              -1.2977197170257568
            ],
            [
              0.0,
              0.0,
              0.0,
              1.0
            ]
          ],
          "use_connect": false,
          "hide": false
        },
        {
          "name": "Spine4",
          "parent": "Spine3",
          "head_local": [
            -7.468304102076218e-05,
            113.8607177734375,
            -1.8313169479370117
          ],
          "tail_local": [
            -0.00010008676326833665,
            116.32882690429688,
            6.21247673034668
          ],
          "matrix_local": [
            [
              -1.0,
              -3.0192463782441337e-06,
              -8.820066796033643e-06,
              -7.468304829671979e-05
            ],
            [
              -9.317718649981543e-06,
              0.2933361232280731,
              0.9560093879699707,
              113.8607177734375
            ],
            [
              -2.991837391164154e-07,
              0.9560092687606812,
              -0.29333609342575073,
              -1.8313170671463013
            ],
            [
              0.0,
              0.0,
              0.0,
              1.0
            ]
          ],
          "use_connect": false,
          "hide": false
        },
        {
          "name": "Spine5",
          "parent": "Spine4",
          "head_local": [
            -0.00011723046918632463,
            119.15538787841797,
            -2.5283243656158447
          ],
          "tail_local": [
            -0.00015513793914578855,
            121.6842041015625,
            22.899843215942383
          ],
          "matrix_local": [
            [
              -1.0,
              -1.4834489547865815e-06,
              -6.501025382021908e-06,
              -0.00011723047646228224
            ],
            [
              -6.61591593598132e-06,
              0.0989612489938736,
              0.9950913190841675,
              119.15538787841797
            ],
            [
              -8.328177614203014e-07,
              0.9950911998748779,
              -0.0989612340927124,
              -2.528325080871582
            ],
            [
              0.0,
              0.0,
              0.0,
              1.0
            ]
          ],
          "use_connect": false,
          "hide": false
        },
        {
          "name": "Neck1",
          "parent": "Spine5",
          "head_local": [
            -0.00030934144160710275,
            148.0444793701172,
            -5.401316165924072
          ],
          "tail_local": [
            -0.000341818347806111,
            149.20782470703125,
            -10.257820129394531
          ],
          "matrix_local": [
            [
              1.0,
              -6.5033250393753406e-06,
              -5.407310709415469e-06,
              -0.0003093414707109332
            ],
            [
              6.773545464966446e-06,
              0.23295363783836365,
              0.9724888801574707,
              148.0444793701172
            ],
            [
              -5.064735887572169e-06,
              -0.9724879264831543,
              0.23295415937900543,
              -5.4013166427612305
            ],
            [
              0.0,
              0.0,
              0.0,
              1.0
            ]
          ],
          "use_connect": false,
          "hide": false
        },
        {
          "name": "Neck2",
          "parent": "Neck1",
          "head_local": [
            -0.00033600640017539263,
            152.90097045898438,
            -4.237945079803467
          ],
          "tail_local": [
            -0.00036564056063070893,
            153.75563049316406,
            -8.951044082641602
          ],
          "matrix_local": [
            [
              1.0,
              -6.1867208387411665e-06,
              -5.8567466112435795e-06,
              -0.00033600645838305354
            ],
            [
              6.866672720207134e-06,
              0.1784273087978363,
              0.9839540719985962,
              152.90097045898438
            ],
            [
              -5.042422799306223e-06,
              -0.9839531779289246,
              0.17842788994312286,
              -4.23794412612915
            ],
            [
              0.0,
              0.0,
              0.0,
              1.0
            ]
          ],
          "use_connect": false,
          "hide": false
        },
        {
          "name": "Neck3",
          "parent": "Neck2",
          "head_local": [
            -0.0003640674112830311,
            157.61407470703125,
            -3.383328914642334
          ],
          "tail_local": [
            -0.00038799093454144895,
            158.00340270996094,
            -7.597592830657959
          ],
          "matrix_local": [
            [
              1.0,
              -5.652726940752473e-06,
              -6.0718966778949834e-06,
              -0.000364067469490692
            ],
            [
              6.566183856193675e-06,
              0.09199167042970657,
              0.9957606792449951,
              157.61407470703125
            ],
            [
              -5.070177394372877e-06,
              -0.9957598447799683,
              0.0919923260807991,
              -3.383328676223755
            ],
            [
              0.0,
              0.0,
              0.0,
              1.0
            ]
          ],
          "use_connect": false,
          "hide": false
        },
        {
          "name": "Head",
          "parent": "Neck3",
          "head_local": [
            -0.00039092605584301054,
            161.84226989746094,
            -3.1989643573760986
          ],
          "tail_local": [
            -0.000448602280812338,
            161.84226989746094,
            -14.604729652404785
          ],
          "matrix_local": [
            [
              1.0,
              -5.056761892774375e-06,
              -6.711652531521395e-06,
              -0.00039092611405067146
            ],
            [
              6.711682544846553e-06,
              -1.4901161193847656e-08,
              1.0000009536743164,
              161.84226989746094
            ],
            [
              -5.0567446123750415e-06,
              -1.0000001192092896,
              7.227063179016113e-07,
              -3.1989643573760986
            ],
            [
              0.0,
              0.0,
              0.0,
              1.0
            ]
          ],
          "use_connect": false,
          "hide": false
        },
        {
          "name": "EyeLeft",
          "parent": "Head",
          "head_local": [
            3.1830570697784424,
            169.15890502929688,
            4.723005771636963
          ],
          "tail_local": [
            3.1830570697784424,
            170.1949462890625,
            4.723005771636963
          ],
          "matrix_local": [
            [
              1.0,
              -3.8050984585424885e-08,
              3.279005289513748e-09,
              3.1830570697784424
            ],
            [
              3.8074176700320095e-08,
              1.0000009536743164,
              1.8029975308309076e-06,
              169.15890502929688
            ],
            [
              -3.2662710314212973e-09,
              -1.1183236665601726e-06,
              1.0000001192092896,
              4.723008155822754
            ],
            [
              0.0,
              0.0,
              0.0,
              1.0
            ]
          ],
          "use_connect": false,
          "hide": false
        },
        {
          "name": "EyeLeftPupil",
          "parent": "EyeLeft",
          "head_local": [
            3.1830570697784424,
            169.15890502929688,
            5.7590413093566895
          ],
          "tail_local": [
            3.1830570697784424,
            170.1949462890625,
            5.7590413093566895
          ],
          "matrix_local": [
            [
              1.0,
              2.2018875573759714e-16,
              3.278874949330657e-09,
              3.1830570697784424
            ],
            [
              2.3160140472100466e-11,
              1.0000009536743164,
              6.523723641294055e-07,
              169.15890502929688
            ],
            [
              -3.2660980586740607e-09,
              3.23004769597901e-08,
              1.0000001192092896,
              5.759042739868164
            ],
            [
              0.0,
              0.0,
              0.0,
              1.0
            ]
          ],
          "use_connect": false,
          "hide": false
        },
        {
          "name": "FacialLipUpperMiddle",
          "parent": "Head",
          "head_local": [
            0.01909019984304905,
            162.77139282226562,
            8.487435340881348
          ],
          "tail_local": [
            0.01909019984304905,
            162.77139282226562,
            -2.918330192565918
          ],
          "matrix_local": [
            [
              1.0,
              -1.1333731175788841e-10,
              -4.547473508864641e-12,
              0.0190902017056942
            ],
            [
              2.8194335754960775e-11,
              8.102958304334607e-10,
              1.0000009536743164,
              162.77139282226562
            ],
            [
              -1.0080224155384343e-10,
              -1.0,
              7.383838465102599e-07,
              8.487438201904297
            ],
            [
              0.0,
              0.0,
              0.0,
              1.0
            ]
          ],
          "use_connect": false,
          "hide": false
        },
        {
          "name": "FacialLipLowerMiddle",
          "parent": "Head",
          "head_local": [
            0.018685799092054367,
            161.2108612060547,
            8.328911781311035
          ],
          "tail_local": [
            0.018685799092054367,
            161.2108612060547,
            -3.0768537521362305
          ],
          "matrix_local": [
            [
              1.0,
              5.082648191212513e-11,
              -4.547473508864641e-12,
              0.018685799092054367
            ],
            [
              2.8194335754960775e-11,
              8.102993831471395e-10,
              1.0000009536743164,
              161.2108612060547
            ],
            [
              6.336155211617012e-11,
              -1.0,
              7.383838465102599e-07,
              8.328912734985352
            ],
            [
              0.0,
              0.0,
              0.0,
              1.0
            ]
          ],
          "use_connect": false,
          "hide": false
        },
        {
          "name": "LeftFacialLipLower",
          "parent": "Head",
          "head_local": [
            1.4773459434509277,
            161.35049438476562,
            8.118796348571777
          ],
          "tail_local": [
            1.4773459434509277,
            172.75625610351562,
            8.118795394897461
          ],
          "matrix_local": [
            [
              -1.0,
              -1.6757439880166203e-09,
              7.171055926846748e-08,
              1.4773458242416382
            ],
            [
              -1.6993908502627164e-09,
              1.0000009536743164,
              -6.375063321684138e-07,
              161.35049438476562
            ],
            [
              -7.172336324856587e-08,
              5.376472245188779e-08,
              -1.0000001192092896,
              8.118797302246094
            ],
            [
              0.0,
              0.0,
              0.0,
              1.0
            ]
          ],
          "use_connect": false,
          "hide": false
        },
        {
          "name": "LeftFacialLipUpper",
          "parent": "Head",
          "head_local": [
            1.7179349660873413,
            162.6208953857422,
            7.9722371101379395
          ],
          "tail_local": [
            1.7179349660873413,
            174.0266571044922,
            7.972236156463623
          ],
          "matrix_local": [
            [
              -1.0,
              -1.6761987353675067e-09,
              7.17110921755193e-08,
              1.7179349660873413
            ],
            [
              -1.7007550923153758e-09,
              1.0000009536743164,
              -8.527510999556398e-07,
              162.6208953857422
            ],
            [
              -7.172381799591676e-08,
              -1.1346224937369698e-07,
              -1.0000001192092896,
              7.972238540649414
            ],
            [
              0.0,
              0.0,
              0.0,
              1.0
            ]
          ],
          "use_connect": false,
          "hide": false
        },
        {
          "name": "LeftFacialLipCorner",
          "parent": "Head",
          "head_local": [
            2.7845840454101562,
            162.16641235351562,
            7.1568803787231445
          ],
          "tail_local": [
            2.7845840454101562,
            173.57217407226562,
            7.156879425048828
          ],
          "matrix_local": [
            [
              -1.0,
              -1.6757439880166203e-09,
              7.171154692287018e-08,
              2.7845840454101562
            ],
            [
              -1.7003003449644893e-09,
              1.0000009536743164,
              -8.527512136424775e-07,
              162.16641235351562
            ],
            [
              -7.172381799591676e-08,
              -1.1346230621711584e-07,
              -1.0000001192092896,
              7.156881332397461
            ],
            [
              0.0,
              0.0,
              0.0,
              1.0
            ]
          ],
          "use_connect": false,
          "hide": false
        },
        {
          "name": "LeftFacialChin",
          "parent": "Head",
          "head_local": [
            2.391663074493408,
            159.90281677246094,
            7.424736022949219
          ],
          "tail_local": [
            2.391663074493408,
            171.30857849121094,
            7.424735069274902
          ],
          "matrix_local": [
            [
              -1.0,
              -1.6757439880166203e-09,
              7.171055926846748e-08,
              2.391663074493408
            ],
            [
              -1.6993908502627164e-09,
              1.0000009536743164,
              -6.375063321684138e-07,
              159.90281677246094
            ],
            [
              -7.172336324856587e-08,
              5.376472245188779e-08,
              -1.0000001192092896,
              7.424736022949219
            ],
            [
              0.0,
              0.0,
              0.0,
              1.0
            ]
          ],
          "use_connect": false,
          "hide": false
        },
        {
          "name": "LeftFacialCheekLower",
          "parent": "Head",
          "head_local": [
            4.336803913116455,
            161.48704528808594,
            6.005032539367676
          ],
          "tail_local": [
            4.336803913116455,
            172.89280700683594,
            6.005031585693359
          ],
          "matrix_local": [
            [
              -1.0,
              1.922580850077793e-08,
              9.261454891884568e-08,
              4.336803913116455
            ],
            [
              1.9202161638531834e-08,
              1.0000009536743164,
              -1.0679965498638921e-06,
              161.48704528808594
            ],
            [
              -9.262716815783278e-08,
              -2.8068939172953833e-07,
              -1.0000001192092896,
              6.005034923553467
            ],
            [
              0.0,
              0.0,
              0.0,
              1.0
            ]
          ],
          "use_connect": false,
          "hide": false
        },
        {
          "name": "LeftFacialCheekMiddle",
          "parent": "Head",
          "head_local": [
            4.376337051391602,
            163.59950256347656,
            6.238927364349365
          ],
          "tail_local": [
            4.376337051391602,
            175.00526428222656,
            6.238926410675049
          ],
          "matrix_local": [
            [
              -1.0,
              -2.2579115466214716e-08,
              5.080718779026938e-08,
              4.376337051391602
            ],
            [
              -2.2602762328460813e-08,
              1.0000009536743164,
              -6.375059342644818e-07,
              163.59950256347656
            ],
            [
              -5.08204571758597e-08,
              5.376477929530665e-08,
              -1.0000001192092896,
              6.23892879486084
            ],
            [
              0.0,
              0.0,
              0.0,
              1.0
            ]
          ],
          "use_connect": false,
          "hide": false
        },
        {
          "name": "LeftFacialNoseCorner",
          "parent": "Head",
          "head_local": [
            1.8473910093307495,
            165.049072265625,
            7.185817718505859
          ],
          "tail_local": [
            1.8473910093307495,
            176.454833984375,
            7.185816764831543
          ],
          "matrix_local": [
            [
              -1.0,
              -1.6757439880166203e-09,
              7.171154692287018e-08,
              1.847391128540039
            ],
            [
              -1.7003003449644893e-09,
              1.0000009536743164,
              -8.527512136424775e-07,
              165.049072265625
            ],
            [
              -7.172381799591676e-08,
              -1.1346230621711584e-07,
              -1.0000001192092896,
              7.185818672180176
            ],
            [
              0.0,
              0.0,
              0.0,
              1.0
            ]
          ],
          "use_connect": false,
          "hide": false
        },
        {
          "name": "LeftFacialCheekUpper",
          "parent": "Head",
          "head_local": [
            5.27338981628418,
            166.76246643066406,
            5.649660110473633
          ],
          "tail_local": [
            5.27338981628418,
            178.16822814941406,
            5.649659156799316
          ],
          "matrix_local": [
            [
              -1.0,
              1.9227627490181476e-08,
              9.261491840106828e-08,
              5.27338981628418
            ],
            [
              1.9203071133233607e-08,
              1.0000009536743164,
              -8.527515547029907e-07,
              166.76246643066406
            ],
            [
              -9.262762290518367e-08,
              -1.1346253359079128e-07,
              -1.0000001192092896,
              5.649662494659424
            ],
            [
              0.0,
              0.0,
              0.0,
              1.0
            ]
          ],
          "use_connect": false,
          "hide": false
        },
        {
          "name": "LeftFacialEyelidLowerOuter",
          "parent": "Head",
          "head_local": [
            4.308802127838135,
            168.47738647460938,
            5.535099983215332
          ],
          "tail_local": [
            4.308802127838135,
            179.88314819335938,
            5.535099029541016
          ],
          "matrix_local": [
            [
              -1.0,
              1.9226717995479703e-08,
              9.261400890636651e-08,
              4.308802127838135
            ],
            [
              1.9202161638531834e-08,
              1.0000009536743164,
              -8.527513273293152e-07,
              168.47738647460938
            ],
            [
              -9.26267134104819e-08,
              -1.1346241990395356e-07,
              -1.0000001192092896,
              5.535101890563965
            ],
            [
              0.0,
              0.0,
              0.0,
              1.0
            ]
          ],
          "use_connect": false,
          "hide": false
        },
        {
          "name": "LeftFacialEyelidLowerMiddle",
          "parent": "Head",
          "head_local": [
            3.3551828861236572,
            168.34097290039062,
            6.030271530151367
          ],
          "tail_local": [
            3.3551828861236572,
            179.74673461914062,
            6.030270576477051
          ],
          "matrix_local": [
            [
              -1.0,
              -1.6757439880166203e-09,
              7.171154692287018e-08,
              3.3551828861236572
            ],
            [
              -1.7003003449644893e-09,
              1.0000009536743164,
              -8.527512136424775e-07,
              168.34095764160156
            ],
            [
              -7.172381799591676e-08,
              -1.1346230621711584e-07,
              -1.0000001192092896,
              6.0302734375
            ],
            [
              0.0,
              0.0,
              0.0,
              1.0
            ]
          ],
          "use_connect": false,
          "hide": false
        },
        {
          "name": "LeftFacialEyelidLowerInner",
          "parent": "Head",
          "head_local": [
            2.2457940578460693,
            168.51449584960938,
            5.951942443847656
          ],
          "tail_local": [
            2.2457940578460693,
            179.92025756835938,
            5.95194149017334
          ],
          "matrix_local": [
            [
              -1.0,
              -1.6757439880166203e-09,
              7.171055926846748e-08,
              2.2457942962646484
            ],
            [
              -1.6993908502627164e-09,
              1.0000009536743164,
              -6.375063321684138e-07,
              168.51449584960938
            ],
            [
              -7.172336324856587e-08,
              5.376472245188779e-08,
              -1.0000001192092896,
              5.951942443847656
            ],
            [
              0.0,
              0.0,
              0.0,
              1.0
            ]
          ],
          "use_connect": false,
          "hide": false
        },
        {
          "name": "LeftFacialEyelidUpperMiddle",
          "parent": "Head",
          "head_local": [
            3.3244659900665283,
            169.81634521484375,
            6.015235900878906
          ],
          "tail_local": [
            3.3244659900665283,
            181.22210693359375,
            6.01523494720459
          ],
          "matrix_local": [
            [
              -1.0,
              1.9227627490181476e-08,
              9.261491840106828e-08,
              3.3244659900665283
            ],
            [
              1.9203071133233607e-08,
              1.0000009536743164,
              -8.527515547029907e-07,
              169.8163299560547
            ],
            [
              -9.262762290518367e-08,
              -1.1346253359079128e-07,
              -1.0000001192092896,
              6.015236854553223
            ],
            [
              0.0,
              0.0,
              0.0,
              1.0
            ]
          ],
          "use_connect": false,
          "hide": false
        },
        {
          "name": "LeftFacialEyelidUpperInner",
          "parent": "Head",
          "head_local": [
            2.291063070297241,
            169.48435974121094,
            5.938347339630127
          ],
          "tail_local": [
            2.291063070297241,
            180.89012145996094,
            5.9383463859558105
          ],
          "matrix_local": [
            [
              -1.0,
              -1.6757439880166203e-09,
              7.171154692287018e-08,
              2.291063070297241
            ],
            [
              -1.7003003449644893e-09,
              1.0000009536743164,
              -8.527512136424775e-07,
              169.48435974121094
            ],
            [
              -7.172381799591676e-08,
              -1.1346230621711584e-07,
              -1.0000001192092896,
              5.93834924697876
            ],
            [
              0.0,
              0.0,
              0.0,
              1.0
            ]
          ],
          "use_connect": false,
          "hide": false
        },
        {
          "name": "LeftFacialEyelidUpperOuter",
          "parent": "Head",
          "head_local": [
            4.221290111541748,
            169.6217041015625,
            5.581295490264893
          ],
          "tail_local": [
            4.221290111541748,
            181.0274658203125,
            5.581294536590576
          ],
          "matrix_local": [
            [
              -1.0,
              1.9227627490181476e-08,
              9.261491840106828e-08,
              4.221290111541748
            ],
            [
              1.9203071133233607e-08,
              1.0000009536743164,
              -8.527515547029907e-07,
              169.6217041015625
            ],
            [
              -9.262762290518367e-08,
              -1.1346253359079128e-07,
              -1.0000001192092896,
              5.581297874450684
            ],
            [
              0.0,
              0.0,
              0.0,
              1.0
            ]
          ],
          "use_connect": false,
          "hide": false
        },
        {
          "name": "LeftFacialEyebrowOuter",
          "parent": "Head",
          "head_local": [
            4.792520999908447,
            171.42315673828125,
            5.85547399520874
          ],
          "tail_local": [
            4.792520999908447,
            182.82891845703125,
            5.855473041534424
          ],
          "matrix_local": [
            [
              -1.0,
              -2.2579570213565603e-08,
              5.0806733042918495e-08,
              4.792520999908447
            ],
            [
              -2.26032170758117e-08,
              1.0000009536743164,
              -6.37505820577644e-07,
              171.42315673828125
            ],
            [
              -5.081954768115793e-08,
              5.3764836138725514e-08,
              -1.0000001192092896,
              5.855475425720215
            ],
            [
              0.0,
              0.0,
              0.0,
              1.0
            ]
          ],
          "use_connect": false,
          "hide": false
        },
        {
          "name": "LeftFacialEyebrowInner",
          "parent": "Head",
          "head_local": [
            1.3965699672698975,
            171.39834594726562,
            7.6949591636657715
          ],
          "tail_local": [
            1.3965699672698975,
            182.80410766601562,
            7.694958686828613
          ],
          "matrix_local": [
            [
              -1.0,
              -1.6761987353675067e-09,
              7.171010452111659e-08,
              1.3965699672698975
            ],
            [
              -1.6998455976136029e-09,
              1.0000009536743164,
              -6.375062184815761e-07,
              171.39834594726562
            ],
            [
              -7.172336324856587e-08,
              5.376477929530665e-08,
              -1.0000001192092896,
              7.694960594177246
            ],
            [
              0.0,
              0.0,
              0.0,
              1.0
            ]
          ],
          "use_connect": false,
          "hide": false
        },
        {
          "name": "FacialJaw",
          "parent": "Head",
          "head_local": [
            -4.906562026008032e-06,
            162.3485565185547,
            -0.62689208984375
          ],
          "tail_local": [
            -5.364408480090788e-06,
            156.81222534179688,
            -3.3280084133148193
          ],
          "matrix_local": [
            [
              3.3700803214742336e-07,
              -8.939559847931378e-08,
              1.0,
              -4.906614776700735e-06
            ],
            [
              -0.4384850263595581,
              -0.8987393975257874,
              1.2536293070297688e-07,
              162.3485565185547
            ],
            [
              0.8987385034561157,
              -0.4384852945804596,
              -3.1817964440961077e-07,
              -0.6268906593322754
            ],
            [
              0.0,
              0.0,
              0.0,
              1.0
            ]
          ],
          "use_connect": false,
          "hide": false
        },
        {
          "name": "FacialChinMiddle",
          "parent": "FacialJaw",
          "head_local": [
            -1.4510453638649778e-06,
            158.13909912109375,
            8.000923156738281
          ],
          "tail_local": [
            -1.908889089463628e-06,
            152.60276794433594,
            5.299806594848633
          ],
          "matrix_local": [
            [
              2.7731516638596077e-07,
              -7.43239070288837e-08,
              1.0,
              -1.5439386515936349e-06
            ],
            [
              -0.4384850263595581,
              -0.8987393975257874,
              1.1273402833467117e-07,
              158.13909912109375
            ],
            [
              0.8987385034561157,
              -0.4384852945804596,
              -2.579226361376641e-07,
              8.000925064086914
            ],
            [
              0.0,
              0.0,
              0.0,
              1.0
            ]
          ],
          "use_connect": false,
          "hide": false
        },
        {
          "name": "FacialTongueBase",
          "parent": "FacialJaw",
          "head_local": [
            -3.927438228856772e-06,
            161.1558380126953,
            1.8179857730865479
          ],
          "tail_local": [
            -3.610030717027257e-06,
            159.0023651123047,
            2.158781051635742
          ],
          "matrix_local": [
            [
              4.098134809282783e-07,
              1.4558172267697955e-07,
              1.0,
              -4.020330834464403e-06
            ],
            [
              0.15630966424942017,
              -0.9877088665962219,
              1.3766785400548542e-07,
              161.1558380126953
            ],
            [
              0.987708330154419,
              0.15630891919136047,
              -4.0363084963246365e-07,
              1.8179874420166016
            ],
            [
              0.0,
              0.0,
              0.0,
              1.0
            ]
          ],
          "use_connect": false,
          "hide": false
        },
        {
          "name": "FacialTongueMiddle",
          "parent": "FacialTongueBase",
          "head_local": [
            -3.1916201805870514e-06,
            161.49659729003906,
            3.97145938873291
          ],
          "tail_local": [
            -2.874210395020782e-06,
            159.34310913085938,
            4.312257289886475
          ],
          "matrix_local": [
            [
              4.0947503521238104e-07,
              1.455816800444154e-07,
              1.0,
              -3.284512786194682e-06
            ],
            [
              0.1563095599412918,
              -0.9877088665962219,
              1.3772076101759012e-07,
              161.49659729003906
            ],
            [
              0.987708330154419,
              0.15630881488323212,
              -4.032965250644338e-07,
              3.971461534500122
            ],
            [
              0.0,
              0.0,
              0.0,
              1.0
            ]
          ],
          "use_connect": false,
          "hide": false
        },
        {
          "name": "FacialTongueTip",
          "parent": "FacialTongueMiddle",
          "head_local": [
            -2.4558128188800765e-06,
            161.83741760253906,
            6.124935626983643
          ],
          "tail_local": [
            -2.138403033313807e-06,
            159.68392944335938,
            6.465733528137207
          ],
          "matrix_local": [
            [
              4.0947503521238104e-07,
              1.455816800444154e-07,
              1.0,
              -2.548705424487707e-06
            ],
            [
              0.1563095599412918,
              -0.9877088665962219,
              1.3772076101759012e-07,
              161.83741760253906
            ],
            [
              0.987708330154419,
              0.15630881488323212,
              -4.032965250644338e-07,
              6.124938011169434
            ],
            [
              0.0,
              0.0,
              0.0,
              1.0
            ]
          ],
          "use_connect": false,
          "hide": false
        },
        {
          "name": "RightFacialLipLower",
          "parent": "Head",
          "head_local": [
            -1.5706413984298706,
            161.22560119628906,
            7.85780143737793
          ],
          "tail_local": [
            -1.570564866065979,
            149.81983947753906,
            7.857802391052246
          ],
          "matrix_local": [
            [
              -1.0,
              6.711655714752851e-06,
              4.969334895577049e-06,
              -1.5706415176391602
            ],
            [
              -6.711682544846553e-06,
              -1.0000009536743164,
              6.374608574333251e-07,
              161.22560119628906
            ],
            [
              4.969321707903873e-06,
              -5.379854428610997e-08,
              1.0000001192092896,
              7.8578033447265625
            ],
            [
              0.0,
              0.0,
              0.0,
              1.0
            ]
          ],
          "use_connect": false,
          "hide": false
        },
        {
          "name": "RightFacialLipUpper",
          "parent": "Head",
          "head_local": [
            -1.7187234163284302,
            162.62100219726562,
            7.708820343017578
          ],
          "tail_local": [
            -1.7186468839645386,
            151.21524047851562,
            7.7088212966918945
          ],
