{
  "controls": {
    "WIK_L_Hand_Target": {
      "helper": "LeftHandIKTarget",
      "parent": "_DayZ_Character",
      "parent_bone": "Weapon_Magazine",
      "matrix_world": [
        [
          0.5485953688621521,
          0.6998525857925415,
          -0.45743733644485474,
          0.1402594894170761
        ],
        [
          -0.3715563714504242,
          0.6941925287246704,
          0.6164767742156982,
          0.4979313611984253
        ],
        [
          0.7489924430847168,
          -0.16823187470436096,
          0.6408654451370239,
          1.4282212257385254
        ],
        [
          0.0,
          0.0,
          0.0,
          1.0
        ]
      ]
    },
    "WIK_L_Elbow_Pole": {
      "helper": "LeftForeArmDirection",
      "parent": null,
      "parent_bone": null,
      "matrix_world": [
        [
          -0.7080842852592468,
          -0.6940089464187622,
          -0.13025936484336853,
          -0.11870403587818146
        ],
        [
          -0.6481568813323975,
          0.7119969129562378,
          -0.27009695768356323,
          0.000689968466758728
        ],
        [
          0.280193954706192,
          -0.10682287067174911,
          -0.953981339931488,
          0.8357264995574951
        ],
        [
          0.0,
          0.0,
          0.0,
          1.0
        ]
      ]
    },
    "WIK_R_Hand_Target": {
      "helper": "RightHandOrigin",
      "parent": null,
      "parent_bone": null,
      "matrix_world": [
        [
          0.9750069975852966,
          -0.09805545955896378,
          0.19936637580394745,
          0.21427154541015625
        ],
        [
          -0.13294477760791779,
          -0.9764494895935059,
          0.16991746425628662,
          0.11002010107040405
        ],
        [
          0.17800988256931305,
          -0.19217532873153687,
          -0.9650811553001404,
          1.3541133403778076
        ],
        [
          0.0,
          0.0,
          0.0,
          1.0
        ]
      ]
    },
    "WIK_R_Elbow_Pole": {
      "helper": "RightForeArmDirection",
      "parent": null,
      "parent_bone": null,
      "matrix_world": [
        [
          0.6064431667327881,
          0.7029962539672852,
          0.37151530385017395,
          0.41740313172340393
        ],
        [
          0.09327501803636551,
          -0.5269120335578918,
          0.8447862863540649,
          0.06275343894958496
        ],
        [
          0.7896373867988586,
          -0.477661669254303,
          -0.3851139545440674,
          1.2438219785690308
        ],
        [
          0.0,
          0.0,
          0.0,
          1.0
        ]
      ]
    }
  },
  "usage": [
    "Move WIK_L_Hand_Target to place the left hand on the weapon.",
    "Move WIK_L_Elbow_Pole to control left elbow direction.",
    "Move WIK_R_Hand_Target to adjust the right-hand weapon anchor.",
    "Move WIK_R_Elbow_Pole to control right elbow direction."
  ]
}