{
  "file": "P:\\Animation_Weapon\\Weapon_template_clean_no_blender_ik.blend",
  "frame": 1,
  "mode": "POSE",
  "armature": "_DayZ_Character",
  "bones": [
    {
      "bone": "LeftShoulder",
      "parent": "Spine3",
      "rest_head": [
        0.010000023059546947,
        -0.019705330953001976,
        1.3899686336517334
      ],
      "rest_tail": [
        0.16025112569332123,
        0.0097555723041296,
        1.4294235706329346
      ],
      "rest_len": 0.1581139843198462,
      "rest_dir": [
        0.9502707719802856,
        0.1863269954919815,
        0.24953477084636688
      ],
      "pose_head": [
        0.05355214327573776,
        0.053933024406433105,
        1.3421735763549805
      ],
      "pose_tail": [
        -0.04815364629030228,
        0.13162145018577576,
        1.435020089149475
      ],
      "pose_len": 0.15811398873749416,
      "pose_dir": [
        -0.6432434916496277,
        0.4913444221019745,
        0.5872125029563904
      ],
      "matrix_local": [
        [
          0.24487212300300598,
          0.9502708315849304,
          0.19241361320018768,
          0.010000023059546947
        ],
        [
          0.048013150691986084,
          0.1863269805908203,
          -0.9813138842582703,
          -0.019705330953001976
        ],
        [
          -0.9683659076690674,
          0.2495347559452057,
          6.88138584337139e-07,
          1.3899686336517334
        ],
        [
          0.0,
          0.0,
          0.0,
          1.0
        ]
      ],
      "pose_matrix": [
        [
          -0.6283059120178223,
          -0.6432435512542725,
          0.4375724196434021,
          0.05355214327573776
        ],
        [
          0.09956566989421844,
          0.49134451150894165,
          0.8652554154396057,
          0.053933024406433105
        ],
        [
          -0.7715688943862915,
          0.587212324142456,
          -0.2446696162223816,
          1.3421735763549805
        ],
        [
          0.0,
          0.0,
          0.0,
          1.0
        ]
      ],
      "constraints": []
    },
    {
      "bone": "LeftArm",
      "parent": "LeftShoulder",
      "rest_head": [
        0.15999993681907654,
        0.010294632986187935,
        1.4299691915512085
      ],
      "rest_tail": [
        0.2344186156988144,
        0.03380449116230011,
        1.367445945739746
      ],
      "rest_len": 0.10000004777683666,
      "rest_dir": [
        0.7441864609718323,
        0.2350984662771225,
        -0.6252321600914001
      ],
      "pose_head": [
        -0.04805056005716324,
        0.1310647428035736,
        1.4355952739715576
      ],
      "pose_tail": [
        -0.10180159658193588,
        0.21329264342784882,
        1.4169028997421265
      ],
      "pose_len": 0.10000003191525539,
      "pose_dir": [
        -0.5375102162361145,
        0.8222787976264954,
        -0.18692368268966675
      ],
      "matrix_local": [
        [
          -0.6438877582550049,
          0.7441864013671875,
          0.17774996161460876,
          0.15999992191791534
        ],
        [
          0.0034015998244285583,
          0.2350984811782837,
          -0.9719656705856323,
          0.010294627398252487
        ],
        [
          -0.7651123404502869,
          -0.6252322196960449,
          -0.15390858054161072,
          1.4299691915512085
        ],
        [
          0.0,
          0.0,
          0.0,
          1.0
        ]
      ],
      "pose_matrix": [
        [
          0.6773366332054138,
          -0.5375101566314697,
          0.5022924542427063,
          -0.04805056005716324
        ],
        [
          0.28896963596343994,
          0.8222786784172058,
          0.49025923013687134,
          0.1310647428035736
        ],
        [
          -0.6765437126159668,
          -0.18692328035831451,
          0.7122837901115417,
          1.4355952739715576
        ],
        [
          0.0,
          0.0,
          0.0,
          1.0
        ]
      ],
      "constraints": [
        {
          "name": "DAT TrueJoint Follow Rotation",
          "type": "COPY_ROTATION",
          "target": "DAT_ControlRigV7",
          "subtarget": "IK_Arm.L",
          "owner_space": "WORLD",
          "target_space": "WORLD",
          "chain_count": null,
          "pole_subtarget": ""
        }
      ]
    },
    {
      "bone": "LeftArmRoll",
      "parent": "LeftArm",
      "rest_head": [
        0.30883723497390747,
        0.057314321398735046,
        1.3049228191375732
      ],
      "rest_tail": [
        0.3832559287548065,
        0.08082417398691177,
        1.2423995733261108
      ],
      "rest_len": 0.10000005592590497,
      "rest_dir": [
        0.744186520576477,
        0.23509839177131653,
        -0.6252321004867554
      ],
      "pose_head": [
        -0.15555259585380554,
        0.2955204248428345,
        1.3982106447219849
      ],
      "pose_tail": [
        -0.20930364727973938,
        0.3777483403682709,
        1.3795182704925537
      ],
      "pose_len": 0.10000005287000444,
      "pose_dir": [
        -0.5375102162361145,
        0.8222786784172058,
        -0.18692363798618317
      ],
      "matrix_local": [
        [
          -0.6438875794410706,
          0.744186520576477,
          0.1777498573064804,
          0.30883723497390747
        ],
        [
          0.0034016959834843874,
          0.23509837687015533,
          -0.9719656705856323,
          0.05731431394815445
        ],
        [
          -0.7651124596595764,
          -0.6252320408821106,
          -0.15390855073928833,
          1.3049228191375732
        ],
        [
          0.0,
          0.0,
          0.0,
          1.0
        ]
      ],
      "pose_matrix": [
        [
          0.6773366332054138,
          -0.5375101566314697,
          0.5022924542427063,
          -0.15555259585380554
        ],
        [
          0.28896963596343994,
          0.8222786784172058,
          0.49025923013687134,
          0.2955204248428345
        ],
        [
          -0.6765437126159668,
          -0.18692328035831451,
          0.7122837901115417,
          1.3982106447219849
        ],
        [
          0.0,
          0.0,
          0.0,
          1.0
        ]
      ],
      "constraints": [
        {
          "name": "DAT TrueJoint Roll Follow Rotation",
          "type": "COPY_ROTATION",
          "target": "DAT_ControlRigV7",
          "subtarget": "IK_Arm.L",
          "owner_space": "WORLD",
          "target_space": "WORLD",
          "chain_count": null,
          "pole_subtarget": ""
        }
      ]
    },
    {
      "bone": "LeftForeArm",
      "parent": "LeftArmRoll",
      "rest_head": [
        0.3758138418197632,
        0.07847312092781067,
        1.2486521005630493
      ],
      "rest_tail": [
        0.452308714389801,
        0.0766439139842987,
        1.1842689514160156
      ],
      "rest_len": 0.1000000093040849,
      "rest_dir": [
        0.7649486660957336,
        -0.01829206757247448,
        -0.6438314318656921
      ],
      "pose_head": [
        -0.2039283961057663,
        0.36952531337738037,
        1.3813875913619995
      ],
      "pose_tail": [
        -0.10964581370353699,
        0.40027090907096863,
        1.3942524194717407
      ],
      "pose_len": 0.10000000608561076,
      "pose_dir": [
        0.9428257942199707,
        0.30745595693588257,
        0.1286482810974121
      ],
      "matrix_local": [
        [
          -0.6438876390457153,
          0.7649487257003784,
          -0.016187474131584167,
          0.3758138418197632
        ],
        [
          0.0034045963548123837,
          -0.018292084336280823,
          -0.9998269081115723,
          0.07847311347723007
        ],
        [
          -0.7651124000549316,
          -0.6438314318656921,
          0.009173601865768433,
          1.2486521005630493
        ],
        [
          0.0,
          0.0,
          0.0,
          1.0
        ]
      ],
      "pose_matrix": [
        [
          0.3273939788341522,
          0.9428257942199707,
          0.062391072511672974,
          -0.2039283961057663
        ],
        [
          -0.7821216583251953,
          0.30745604634284973,
          -0.5419929027557373,
          0.36952531337738037
        ],
        [
          -0.5301873683929443,
          0.1286478191614151,
          0.8380638360977173,
          1.3813875913619995
        ],
        [
          0.0,
          0.0,
          0.0,
          1.0
        ]
      ],
      "constraints": [
        {
          "name": "DAT TrueJoint Follow Rotation",
          "type": "COPY_ROTATION",
          "target": "DAT_ControlRigV7",
          "subtarget": "IK_ForeArm.L",
          "owner_space": "WORLD",
          "target_space": "WORLD",
          "chain_count": null,
          "pole_subtarget": ""
        }
      ]
    },
    {
      "bone": "LeftForeArmRoll",
      "parent": "LeftForeArm",
      "rest_head": [
        0.5318631529808044,
        0.07474154233932495,
        1.117310643196106
      ],
      "rest_tail": [
        0.6083580255508423,
        0.07291233539581299,
        1.0529274940490723
      ],
      "rest_len": 0.1000000093040849,
      "rest_dir": [
        0.7649486660957336,
        -0.01829206757247448,
        -0.6438314318656921
      ],
      "pose_head": [
        -0.011592179536819458,
        0.43224623799324036,
        1.407631754875183
      ],
      "pose_tail": [
        0.08269040286540985,
        0.4629918336868286,
        1.4204965829849243
      ],
      "pose_len": 0.10000000608561076,
      "pose_dir": [
        0.9428257942199707,
        0.30745595693588257,
        0.1286482810974121
      ],
      "matrix_local": [
        [
          -0.6438877582550049,
          0.7649486064910889,
          -0.016187461093068123,
          0.5318631529808044
        ],
        [
          0.0034045963548123837,
          -0.01829206943511963,
          -0.9998269081115723,
          0.07474153488874435
        ],
        [
          -0.7651122808456421,
          -0.6438315510749817,
          0.009173593483865261,
          1.117310643196106
        ],
        [
          0.0,
          0.0,
          0.0,
          1.0
        ]
      ],
      "pose_matrix": [
        [
          0.3273939788341522,
          0.9428257346153259,
          0.06239106506109238,
          -0.011592179536819458
        ],
        [
          -0.7821217179298401,
          0.30745601654052734,
          -0.5419928431510925,
          0.43224623799324036
        ],
        [
          -0.5301873683929443,
          0.1286478042602539,
          0.8380637168884277,
          1.407631754875183
        ],
        [
          0.0,
          0.0,
          0.0,
          1.0
        ]
      ],
      "constraints": [
        {
          "name": "DAT TrueJoint Roll Follow Rotation",
          "type": "COPY_ROTATION",
          "target": "DAT_ControlRigV7",
          "subtarget": "IK_ForeArm.L",
          "owner_space": "WORLD",
          "target_space": "WORLD",
          "chain_count": null,
          "pole_subtarget": ""
        }
      ]
    },
    {
      "bone": "LeftHand",
      "parent": "LeftForeArmRoll",
      "rest_head": [
        0.586174488067627,
        0.07344280928373337,
        1.0715985298156738
      ],
      "rest_tail": [
        0.6626693606376648,
        0.0716136023402214,
        1.0072153806686401
      ],
      "rest_len": 0.1000000093040849,
      "rest_dir": [
        0.7649486660957336,
        -0.01829206757247448,
        -0.6438314318656921
      ],
      "pose_head": [
        0.055348508059978485,
        0.45407557487487793,
        1.4167656898498535
      ],
      "pose_tail": [
        0.1370343565940857,
        0.5070921778678894,
        1.3940355777740479
      ],
      "pose_len": 0.09999998054699782,
      "pose_dir": [
        0.8168586492538452,
        0.5301661491394043,
        -0.22730116546154022
      ],
      "matrix_local": [
        [
          -0.6438876986503601,
          0.7649486660957336,
          -0.016187461093068123,
          0.586174488067627
        ],
        [
          0.00340459612198174,
          -0.01829206757247448,
          -0.9998269081115723,
          0.07344280183315277
        ],
        [
          -0.7651123404502869,
          -0.6438314914703369,
          0.009173591621220112,
          1.0715985298156738
        ],
        [
          0.0,
          0.0,
          0.0,
          1.0
        ]
      ],
      "pose_matrix": [
        [
          0.5639311075210571,
          0.8168584704399109,
          0.1213415339589119,
          0.055348508059978485
        ],
        [
          -0.8168584108352661,
          0.5301662683486938,
          0.22730125486850739,
          0.45407557487487793
        ],
        [
          0.12134179472923279,
          -0.22730116546154022,
          0.9662349224090576,
          1.4167656898498535
        ],
        [
          0.0,
          0.0,
          0.0,
          1.0
        ]
      ],
      "constraints": [
        {
          "name": "DAT TrueJoint Follow Rotation",
          "type": "COPY_ROTATION",
          "target": "DAT_ControlRigV7",
          "subtarget": "IK_Hand.L",
          "owner_space": "WORLD",
          "target_space": "WORLD",
          "chain_count": null,
          "pole_subtarget": ""
        }
      ]
    },
    {
      "bone": "RightShoulder",
      "parent": "Spine3",
      "rest_head": [
        -0.009999972768127918,
        -0.019705437123775482,
        1.3899688720703125
      ],
      "rest_tail": [
        0.1397937834262848,
        -0.05033960938453674,
        1.349678874015808
      ],
      "rest_len": 0.158113588387646,
      "rest_dir": [
        0.9473807215690613,
        -0.193747878074646,
        -0.25481680035591125
      ],
      "pose_head": [
        0.07025651633739471,
        0.0431821383535862,
        1.3398535251617432
      ],
      "pose_tail": [
        -0.05503547191619873,
        0.11501866579055786,
        1.2755001783370972
      ],
      "pose_len": 0.15811363974292458,
      "pose_dir": [
        -0.7924172878265381,
        0.4543347954750061,
        -0.4070069193840027
      ],
      "matrix_local": [
        [
          0.24964989721775055,
          0.9473809003829956,
          0.20036137104034424,
          -0.009999972768127918
        ],
        [
          -0.05105317756533623,
          -0.19374795258045197,
          0.9797221422195435,
          -0.019705437123775482
        ],
        [
          0.9669895768165588,
          -0.2548168897628784,
          -2.2444407932198374e-06,
          1.3899688720703125
        ],
        [
          0.0,
          0.0,
          0.0,
          1.0
        ]
      ],
      "pose_matrix": [
        [
          -0.22688604891300201,
          -0.7924176454544067,
          -0.5662134289741516,
          0.07025651633739471
        ],
        [
          0.3998349905014038,
          0.45433497428894043,
          -0.7960602045059204,
          0.0431821383535862
        ],
        [
          0.8880624771118164,
          -0.40700700879096985,
          0.21375396847724915,
          1.3398535251617432
        ],
        [
          0.0,
          0.0,
          0.0,
          1.0
        ]
      ],
      "constraints": []
    },
    {
      "bone": "RightArm",
      "parent": "RightShoulder",
      "rest_head": [
        -0.15992508828639984,
        0.010279681533575058,
        1.4302585124969482
      ],
      "rest_tail": [
        -0.08550678193569183,
        -0.013230174779891968,
        1.4927822351455688
      ],
      "rest_len": 0.10000006844054428,
      "rest_dir": [
        0.7441825866699219,
        -0.23509840667247772,
        0.6252368092536926
      ],
      "pose_head": [
        0.19592227041721344,
        -0.028126545250415802,
        1.4040647745132446
      ],
      "pose_tail": [
        0.28179290890693665,
        0.022871609777212143,
        1.3990215063095093
      ],
      "pose_len": 0.10000006474799825,
      "pose_dir": [
        0.8587058782577515,
        0.5099812746047974,
        -0.05043265223503113
      ],
      "matrix_local": [
        [
          -0.643892765045166,
          0.7441824674606323,
          0.1777493953704834,
          -0.15992499887943268
        ],
        [
          -0.0034008026123046875,
          -0.23509842157363892,
          0.9719657301902771,
          0.010279664769768715
        ],
        [
          0.7651085257530212,
          0.625236988067627,
          0.1539091020822525,
          1.4302585124969482
        ],
        [
          0.0,
          0.0,
          0.0,
          1.0
        ]
      ],
      "pose_matrix": [
        [
          0.312876433134079,
          0.8587060570716858,
          -0.40587276220321655,
          0.19592227041721344
        ],
        [
          -0.4437783360481262,
          0.5099813342094421,
          0.7368718981742859,
          -0.028126545250415802
        ],
        [
          0.8397439122200012,
          -0.05043231323361397,
          0.5406360626220703,
          1.4040647745132446
        ],
        [
          0.0,
          0.0,
          0.0,
          1.0
        ]
      ],
      "constraints": [
        {
          "name": "DAT TrueJoint Follow Rotation",
          "type": "COPY_ROTATION",
          "target": "DAT_ControlRigV7",
          "subtarget": "IK_Arm.R",
          "owner_space": "WORLD",
          "target_space": "WORLD",
          "chain_count": null,
          "pole_subtarget": ""
        }
      ]
    },
    {
      "bone": "RightArmRoll",
      "parent": "RightArm",
      "rest_head": [
        -0.3087615370750427,
        0.05729934573173523,
        1.3052111864089966
      ],
      "rest_tail": [
        -0.23434323072433472,
        0.03378951549530029,
        1.3677349090576172
      ],
      "rest_len": 0.10000006232874388,
      "rest_dir": [
        0.7441826462745667,
        -0.23509816825389862,
        0.6252368688583374
      ],
      "pose_head": [
        0.024181127548217773,
        -0.1301228106021881,
        1.4141513109207153
      ],
      "pose_tail": [
        0.11005177348852158,
        -0.07912465929985046,
        1.40910804271698
      ],
      "pose_len": 0.100000069404608,
      "pose_dir": [
        0.8587058782577515,
        0.5099811553955078,
        -0.05043264850974083
      ],
      "matrix_local": [
        [
          -0.6438925862312317,
          0.7441826462745667,
          0.17774908244609833,
          -0.30876147747039795
        ],
        [
          -0.003401046385988593,
          -0.23509815335273743,
          0.9719657897949219,
          0.057299330830574036
        ],
        [
          0.7651087045669556,
          0.6252367496490479,
          0.15390907227993011,
          1.3052111864089966
        ],
        [
          0.0,
          0.0,
          0.0,
          1.0
        ]
      ],
      "pose_matrix": [
        [
          0.3128764033317566,
          0.858705997467041,
          -0.40587276220321655,
          0.024181127548217773
        ],
        [
          -0.44377830624580383,
          0.5099812746047974,
          0.7368718981742859,
          -0.1301228106021881
        ],
        [
          0.8397437930107117,
          -0.05043230950832367,
          0.5406360626220703,
          1.4141513109207153
        ],
        [
          0.0,
          0.0,
          0.0,
          1.0
        ]
      ],
      "constraints": [
        {
          "name": "DAT TrueJoint Roll Follow Rotation",
          "type": "COPY_ROTATION",
          "target": "DAT_ControlRigV7",
          "subtarget": "IK_Arm.R",
          "owner_space": "WORLD",
          "target_space": "WORLD",
          "chain_count": null,
          "pole_subtarget": ""
        }
      ]
    },
    {
      "bone": "RightForeArm",
      "parent": "RightArmRoll",
      "rest_head": [
        -0.37573808431625366,
        0.07845821231603622,
        1.248939871788025
      ],
      "rest_tail": [
        -0.29924365878105164,
        0.0802876278758049,
        1.3133234977722168
      ],
      "rest_len": 0.09999997586764657,
      "rest_dir": [
        0.7649443745613098,
        0.018294159322977066,
        0.6438363790512085
      ],
      "pose_head": [
        -0.053102485835552216,
        -0.17602120339870453,
        1.4186903238296509
      ],
      "pose_tail": [
        -0.1269473433494568,
        -0.11077459156513214,
        1.401666283607483
      ],
      "pose_len": 0.10000000659492776,
      "pose_dir": [
        -0.7384485006332397,
        0.6524660587310791,
        -0.1702403873205185
      ],
      "matrix_local": [
        [
          -0.6438929438591003,
          0.7649443745613098,
          -0.01618736982345581,
          -0.3757380247116089
        ],
        [
          -0.003401972819119692,
          0.018294185400009155,
          0.9998269081115723,
          0.07845818996429443
        ],
        [
          0.7651083469390869,
          0.6438363194465637,
          -0.009176984429359436,
          1.248939871788025
        ],
        [
          0.0,
          0.0,
          0.0,
          1.0
        ]
      ],
      "pose_matrix": [
        [
          0.5829290151596069,
          -0.7384486198425293,
          -0.3389510214328766,
          -0.053102485835552216
        ],
        [
          0.7446016669273376,
          0.6524662375450134,
          -0.14091360569000244,
          -0.17602120339870453
        ],
        [
          0.3252115249633789,
          -0.1702408641576767,
          0.9301912784576416,
          1.4186903238296509
        ],
        [
          0.0,
          0.0,
          0.0,
          1.0
        ]
      ],
      "constraints": [
        {
          "name": "DAT TrueJoint Follow Rotation",
          "type": "COPY_ROTATION",
          "target": "DAT_ControlRigV7",
          "subtarget": "IK_ForeArm.R",
          "owner_space": "WORLD",
          "target_space": "WORLD",
          "chain_count": null,
          "pole_subtarget": ""
        }
      ]
    },
    {
      "bone": "RightForeArmRoll",
      "parent": "RightForeArm",
      "rest_head": [
        -0.5317863821983337,
        0.07472620904445648,
        1.1175974607467651
      ],
      "rest_tail": [
        -0.4552919566631317,
        0.07655561715364456,
        1.1819812059402466
      ],
      "rest_len": 0.10000005256532386,
      "rest_dir": [
        0.7649438381195068,
        0.018294069916009903,
        0.6438370943069458
      ],
      "pose_head": [
        0.09754066914319992,
        -0.3091241121292114,
        1.4534193277359009
      ],
      "pose_tail": [
        0.023695774376392365,
        -0.24387747049331665,
        1.436395287513733
      ],
      "pose_len": 0.10000005316104259,
      "pose_dir": [
        -0.7384485006332397,
        0.6524660587310791,
        -0.17024029791355133
      ],
      "matrix_local": [
        [
          -0.6438936591148376,
          0.7649437785148621,
          -0.016187578439712524,
          -0.5317862629890442
        ],
        [
          -0.003402451053261757,
          0.018294068053364754,
          0.9998269081115723,
          0.07472619414329529
        ],
        [
          0.7651077508926392,
          0.643837034702301,
          -0.009176558814942837,
          1.1175974607467651
        ],
        [
          0.0,
          0.0,
          0.0,
          1.0
        ]
      ],
      "pose_matrix": [
        [
          0.5829290151596069,
          -0.7384486794471741,
          -0.3389509320259094,
          0.09754066914319992
        ],
        [
          0.7446017265319824,
          0.6524662375450134,
          -0.14091354608535767,
          -0.3091241121292114
        ],
        [
          0.32521143555641174,
          -0.1702408343553543,
          0.9301913380622864,
          1.4534193277359009
        ],
        [
          0.0,
          0.0,
          0.0,
          1.0
        ]
      ],
      "constraints": [
        {
          "name": "DAT TrueJoint Roll Follow Rotation",
          "type": "COPY_ROTATION",
          "target": "DAT_ControlRigV7",
          "subtarget": "IK_ForeArm.R",
          "owner_space": "WORLD",
          "target_space": "WORLD",
          "chain_count": null,
          "pole_subtarget": ""
        }
      ]
    },
    {
      "bone": "RightHand",
      "parent": "RightForeArmRoll",
      "rest_head": [
        -0.586097776889801,
        0.07342731952667236,
        1.0718847513198853
      ],
      "rest_tail": [
        -0.5096033811569214,
        0.07525673508644104,
        1.1362684965133667
      ],
      "rest_len": 0.1000000294186932,
      "rest_dir": [
        0.7649437189102173,
        0.01829415000975132,
        0.6438372731208801
      ],
      "pose_head": [
        0.1499709188938141,
        -0.35544949769973755,
        1.4655065536499023
      ],
      "pose_tail": [
        0.1413285881280899,
        -0.45503872632980347,
        1.468208909034729
      ],
      "pose_len": 0.10000003561917131,
      "pose_dir": [
        -0.08642327785491943,
        -0.9958919286727905,
        0.027023542672395706
      ],
      "matrix_local": [
        [
          -0.6438937187194824,
          0.7649437189102173,
          -0.01618802361190319,
          -0.5860976576805115
        ],
        [
          -0.003403049660846591,
          0.01829414814710617,
          0.9998269081115723,
          0.07342730462551117
        ],
        [
          0.7651076912879944,
          0.6438370943069458,
          -0.009176154620945454,
          1.0718847513198853
        ],
        [
          0.0,
          0.0,
          0.0,
          1.0
        ]
      ],
      "pose_matrix": [
        [
          -0.8181320428848267,
          -0.08642328530550003,
          0.5684992074966431,
          0.1499709188938141
        ],
        [
          0.08642346411943436,
          -0.9958920478820801,
          -0.027022862806916237,
          -0.35544949769973755
        ],
        [
          0.5684992074966431,
          0.02702339179813862,
          0.8222400546073914,
          1.4655065536499023
        ],
        [
          0.0,
          0.0,
          0.0,
          1.0
        ]
      ],
      "constraints": [
        {
          "name": "DAT TrueJoint Follow Rotation",
          "type": "COPY_ROTATION",
          "target": "DAT_ControlRigV7",
          "subtarget": "IK_Hand.R",
          "owner_space": "WORLD",
          "target_space": "WORLD",
          "chain_count": null,
          "pole_subtarget": ""
        }
      ]
    },
    {
      "bone": "LeftHandOrigin",
      "parent": "RightHand_Dummy",
      "rest_head": [
        0.6626693606376648,
        0.0716136023402214,
        1.0072153806686401
      ],
      "rest_tail": [
        0.7391642332077026,
        0.06978439539670944,
        0.9428322315216064
      ],
      "rest_len": 0.1000000093040849,
      "rest_dir": [
        0.7649486660957336,
        -0.01829206757247448,
        -0.6438314318656921
      ],
      "pose_head": [
        0.2733877897262573,
        -0.08286726474761963,
        1.3950459957122803
      ],
      "pose_tail": [
        0.248267263174057,
        -0.022713053971529007,
        1.4708776473999023
      ],
      "pose_len": 0.1000000474857985,
      "pose_dir": [
        -0.2512051463127136,
        0.6015418171882629,
        0.758316159248352
      ],
      "matrix_local": [
        [
          -0.6438872814178467,
          0.7649491429328918,
          -0.016187243163585663,
          0.6626694202423096
        ],
        [
          0.0034045916981995106,
          -0.018292132765054703,
          -0.9998270273208618,
          0.0716136246919632
        ],
        [
          -0.7651126980781555,
          -0.643831193447113,
          0.009173516184091568,
          1.0072153806686401
        ],
        [
          0.0,
          0.0,
          0.0,
          1.0
        ]
      ],
      "pose_matrix": [
        [
          -0.9479536414146423,
          -0.2512052357196808,
          0.1956532597541809,
          0.2733877897262573
        ],
        [
          0.0054658204317092896,
          0.6015421748161316,
          0.7988226413726807,
          -0.08286726474761963
        ],
        [
          -0.3183622658252716,
          0.7583160996437073,
          -0.5688609480857849,
          1.3950459957122803
        ],
        [
          0.0,
          0.0,
          0.0,
          1.0
        ]
      ],
      "constraints": []
    },
    {
      "bone": "LeftHandIK",
      "parent": "RightHand_Dummy",
      "rest_head": [
        0.5830954909324646,
        0.08007564395666122,
        1.070475697517395
      ],
      "rest_tail": [
        0.6212460398674011,
        0.07994384318590164,
        1.0381567478179932
      ],
      "rest_len": 0.04999996244388935,
      "rest_dir": [
        0.7630115747451782,
        -0.0026360175106674433,
        -0.6463794708251953
      ],
      "pose_head": [
        0.8435953855514526,
        -0.6295912265777588,
        1.1295889616012573
      ],
      "pose_tail": [
        0.891574501991272,
        -0.6428330540657043,
        1.1248300075531006
      ],
      "pose_len": 0.04999989281193273,
      "pose_dir": [
        0.9595844149589539,
        -0.2648371160030365,
        -0.09517928957939148
      ],
      "matrix_local": [
        [
          -0.6463848352432251,
          0.763011634349823,
          -0.00045451801270246506,
          0.5830956697463989
        ],
        [
          -0.002408570609986782,
          -0.0026361863128840923,
          -0.9999939203262329,
          0.08007566630840302
        ],
        [
          -0.7630078196525574,
          -0.646379828453064,
          0.0035416088066995144,
          1.070475697517395
        ],
        [
          0.0,
          0.0,
          0.0,
          1.0
        ]
      ],
      "pose_matrix": [
        [
          0.0823257565498352,
          0.9595849514007568,
          0.2691096365451813,
          0.8435953855514526
        ],
        [
          -0.05924130231142044,
          -0.26483678817749023,
          0.962472140789032,
          -0.6295912265777588
        ],
        [
          0.9948438405990601,
          -0.09517848491668701,
          0.03504430130124092,
          1.1295889616012573
        ],
        [
          0.0,
          0.0,
          0.0,
          1.0
        ]
      ],
      "constraints": []
    },
    {
      "bone": "LeftHandIKTarget",
      "parent": "RightHand_Dummy",
      "rest_head": [
        0.6626693606376648,
        0.0716136023402214,
        1.0072153806686401
      ],
      "rest_tail": [
        0.6626693606376648,
        0.0716136023402214,
        1.107215404510498
      ],
      "rest_len": 0.10000002216547482,
      "rest_dir": [
        0.0,
        0.0,
        1.0
      ],
      "pose_head": [
        0.2535278797149658,
        -0.07986634969711304,
        1.3781983852386475
      ],
      "pose_tail": [
        0.23774190247058868,
        -0.0050395578145980835,
        1.4426326751708984
      ],
      "pose_len": 0.1000001190811618,
      "pose_dir": [
        -0.15785957872867584,
        0.7482669949531555,
        0.6443421244621277
      ],
      "matrix_local": [
        [
          -0.6465408802032471,
          -2.1886080503463745e-07,
          0.7628793716430664,
          0.6626694202423096
        ],
        [
          0.762879490852356,
          -6.466689228545874e-08,
          0.6465408205986023,
          0.0716136246919632
        ],
        [
          2.8777867555618286e-07,
          1.0000001192092896,
          3.888271749019623e-08,
          1.0072153806686401
        ],
        [
          0.0,
          0.0,
          0.0,
          1.0
        ]
      ],
      "pose_matrix": [
        [
          -0.9860117435455322,
          -0.15785977244377136,
          0.05349532514810562,
          0.2535278797149658
        ],
        [
          -0.08409534394741058,
          0.748267650604248,
          0.6580458283424377,
          -0.07986634969711304
        ],
        [
          -0.14390814304351807,
          0.6443421244621277,
          -0.7510758638381958,
          1.3781983852386475
        ],
        [
          0.0,
          0.0,
          0.0,
          1.0
        ]
      ],
      "constraints": []
    },
    {
      "bone": "LeftHand_Dummy",
      "parent": "LeftHand",
      "rest_head": [
        0.6704044342041016,
        0.06534591317176819,
        1.0036009550094604
      ],
      "rest_tail": [
        0.7156811952590942,
        0.06441841274499893,
        0.9824076294898987
      ],
      "rest_len": 0.05000002423971049,
      "rest_dir": [
        0.9055348038673401,
        -0.018549999222159386,
        -0.42386630177497864
      ],
      "pose_head": [
        0.14334061741828918,
        0.5147379040718079,
        1.3977651596069336
      ],
      "pose_tail": [
        0.17549504339694977,
        0.5509130358695984,
        1.3852170705795288
      ],
      "pose_len": 0.050000017049020976,
      "pose_dir": [
        0.6430882811546326,
        0.7235023379325867,
        -0.25096169114112854
      ],
      "matrix_local": [
        [
          0.4239630401134491,
          0.9055347442626953,
          0.0161870326846838,
          0.6704044342041016
        ],
        [
          0.0014468885492533445,
          -0.018549999222159386,
          0.9998269081115723,
          0.06534590572118759
        ],
        [
          0.9056782722473145,
          -0.423866331577301,
          -0.009174617007374763,
          1.0036009550094604
        ],
        [
          0.0,
          0.0,
          0.0,
          1.0
        ]
      ],
      "pose_matrix": [
        [
          -0.7561174631118774,
          0.643088161945343,
          -0.12134155631065369,
          0.14334061741828918
        ],
        [
          0.6518262028694153,
          0.723502516746521,
          -0.22730235755443573,
          0.5147379040718079
        ],
        [
          -0.05838454142212868,
          -0.25096094608306885,
          -0.9662346243858337,
          1.3977651596069336
        ],
        [
          0.0,
          0.0,
          0.0,
          1.0
        ]
      ],
      "constraints": []
    },
    {
      "bone": "LeftForeArmDirection",
      "parent": "LeftShoulder",
      "rest_head": [
        0.3758138418197632,
        0.07847312092781067,
        1.2486521005630493
      ],
      "rest_tail": [
        0.452308714389801,
        0.0766439139842987,
        1.1842689514160156
      ],
      "rest_len": 0.1000000093040849,
      "rest_dir": [
        0.7649486660957336,
        -0.01829206757247448,
        -0.6438314318656921
      ],
      "pose_head": [
        0.006997823715209961,
        0.44173699617385864,
        1.241721510887146
      ],
      "pose_tail": [
        0.08398247510194778,
        0.48477795720100403,
        1.2888473272323608
      ],
      "pose_len": 0.10000001692678637,
      "pose_dir": [
        0.7698463797569275,
        0.4304095208644867,
        0.4712580740451813
      ],
      "matrix_local": [
        [
          -0.6438876986503601,
          0.7649486660957336,
          -0.016187474131584167,
          0.3758138418197632
        ],
        [
          0.0034046024084091187,
          -0.01829203963279724,
          -0.9998269081115723,
          0.07847312092781067
        ],
        [
          -0.7651124000549316,
          -0.6438314914703369,
          0.009173608385026455,
          1.2486521005630493
        ],
        [
          0.0,
          0.0,
          0.0,
          1.0
        ]
      ],
      "pose_matrix": [
        [
          0.599824845790863,
          0.7698466777801514,
          -0.2180519849061966,
          0.006997823715209961
        ],
        [
          -0.7401995062828064,
          0.43040961027145386,
          -0.5165771842002869,
          0.44173699617385864
        ],
        [
          -0.3038334250450134,
          0.47125786542892456,
          0.8280105590820312,
          1.241721510887146
        ],
        [
          0.0,
          0.0,
          0.0,
          1.0
        ]
      ],
      "constraints": []
    },
    {
      "bone": "LeftForeArmDirectionOrigin",
      "parent": "LeftHand",
      "rest_head": [
        0.3758138418197632,
        0.07847312092781067,
        1.2486521005630493
      ],
      "rest_tail": [
        0.452308714389801,
        0.0766439139842987,
        1.1842689514160156
      ],
      "rest_len": 0.1000000093040849,
      "rest_dir": [
        0.7649486660957336,
        -0.01829206757247448,
        -0.6438314318656921
      ],
      "pose_head": [
        -0.21596498787403107,
        0.4478854537010193,
        1.3723175525665283
      ],
      "pose_tail": [
        -0.11730518192052841,
        0.4501393735408783,
        1.38847815990448
      ],
      "pose_len": 0.10000001194730358,
      "pose_dir": [
        0.9865978956222534,
        0.02253919467329979,
        0.1616060435771942
      ],
      "matrix_local": [
        [
          -0.6438878178596497,
          0.7649485468864441,
          -0.016187457367777824,
          0.3758138418197632
        ],
        [
          0.0034045979846268892,
          -0.01829206384718418,
          -0.9998269081115723,
          0.07847311347723007
        ],
        [
          -0.7651122212409973,
          -0.6438316106796265,
          0.009173589758574963,
          1.2486521005630493
        ],
        [
          0.0,
          0.0,
          0.0,
          1.0
        ]
      ],
      "pose_matrix": [
        [
          0.1622806042432785,
          0.9865978360176086,
          0.017012927681207657,
          -0.21596498787403107
        ],
        [
          -0.032273054122924805,
          0.022539101541042328,
          -0.9992249011993408,
          0.4478854537010193
        ],
        [
          -0.98621666431427,
          0.1616058051586151,
          0.03549826145172119,
          1.3723175525665283
        ],
        [
          0.0,
          0.0,
          0.0,
          1.0
        ]
      ],
      "constraints": []
    },
    {
      "bone": "RightHandOrigin",
      "parent": "RightShoulder",
      "rest_head": [
        -0.586097776889801,
        0.07342731952667236,
        1.0718847513198853
      ],
      "rest_tail": [
        -0.5096033215522766,
        0.07525673508644104,
        1.1362684965133667
      ],
      "rest_len": 0.10000007365649269,
      "rest_dir": [
        0.7649439573287964,
        0.018294142559170723,
        0.6438369750976562
      ],
      "pose_head": [
        0.21406137943267822,
        0.11528190970420837,
        1.3521907329559326
      ],
      "pose_tail": [
        0.20455490052700043,
        0.017318494617938995,
        1.33450448513031
      ],
      "pose_len": 0.1000000337342442,
      "pose_dir": [
        -0.09506475180387497,
        -0.9796337485313416,
        -0.17686240375041962
      ],
      "matrix_local": [
        [
          -0.643893837928772,
          0.7649438977241516,
          -0.016187846660614014,
          -0.5860976576805115
        ],
        [
          -0.003402620553970337,
          0.018294230103492737,
          0.999826967716217,
          0.07342729717493057
        ],
        [
          0.7651076912879944,
          0.6438372731208801,
          -0.009176571853458881,
          1.0718846321105957
        ],
        [
          0.0,
          0.0,
          0.0,
          1.0
        ]
      ],
      "pose_matrix": [
        [
          0.9754785299301147,
          -0.09506471455097198,
          0.19850727915763855,
          0.21406137943267822
        ],
        [
