{
  "file": "P:\\Animation_Weapon\\Weapon_template_controlrig_v5_proxyik.blend",
  "mode": "POSE",
  "objects": [
    {
      "object": "_DayZ_Character",
      "bone_count": 163,
      "visible": [
        "LeftShoulder",
        "LeftArm",
        "LeftArmRoll",
        "LeftForeArm",
        "LeftForeArmRoll",
        "LeftHand",
        "RightShoulder",
        "RightArm",
        "RightArmRoll",
        "RightForeArm",
        "RightForeArmRoll",
        "RightHand",
        "Weapon_Root",
        "Weapon_Trigger",
        "Weapon_Magazine",
        "Weapon_Bolt"
      ],
      "bones": [
        {
          "bone": "LeftArm",
          "parent": "LeftShoulder",
          "head": [
            -0.04805056005716324,
            0.1310647428035736,
            1.4355952739715576
          ],
          "tail": [
            -0.10853052884340286,
            0.21051165461540222,
            1.4411060810089111
          ],
          "len": 0.10000003827262112,
          "dir": [
            -0.6047994494438171,
            0.7944688200950623,
            0.055108048021793365
          ],
          "matrix": [
            [
              0.518012523651123,
              -0.6047994494438171,
              0.6048805713653564,
              -0.04805056005716324
            ],
            [
              0.44501399993896484,
              0.7944687008857727,
              0.41325756907463074,
              0.1310647428035736
            ],
            [
              -0.7304966449737549,
              0.055107731372117996,
              0.6806891560554504,
              1.4355952739715576
            ],
            [
              0.0,
              0.0,
              0.0,
              1.0
            ]
          ],
          "constraints": [
            {
              "name": "DAT ProxyIK Follow Rotation",
              "type": "COPY_ROTATION",
              "target": "DAT_ControlRigV5",
              "subtarget": "IK_Arm.L",
              "owner_space": "POSE",
              "target_space": "POSE",
              "chain_count": null,
              "pole": "",
              "pole_angle": null
            }
          ]
        },
        {
          "bone": "LeftForeArm",
          "parent": "LeftArmRoll",
          "head": [
            -0.2234422117471695,
            0.36146044731140137,
            1.451576590538025
          ],
          "tail": [
            -0.28002387285232544,
            0.4436637759208679,
            1.4579898118972778
          ],
          "len": 0.10000000641302884,
          "dir": [
            -0.5658166408538818,
            0.8220332860946655,
            0.0641322135925293
          ],
          "matrix": [
            [
              0.673996090888977,
              -0.5658167004585266,
              0.4749533236026764,
              -0.2234422117471695
            ],
            [
              0.5059181451797485,
              0.8220331072807312,
              0.2613586485385895,
              0.36146044731140137
            ],
            [
              -0.5383083820343018,
              0.06413279473781586,
              0.8403041362762451,
              1.451576590538025
            ],
            [
              0.0,
              0.0,
              0.0,
              1.0
            ]
          ],
          "constraints": [
            {
              "name": "DAT ProxyIK Follow Rotation",
              "type": "COPY_ROTATION",
              "target": "DAT_ControlRigV5",
              "subtarget": "IK_ForeArm.L",
              "owner_space": "POSE",
              "target_space": "POSE",
              "chain_count": null,
              "pole": "",
              "pole_angle": null
            }
          ]
        },
        {
          "bone": "LeftHand",
          "parent": "LeftForeArmRoll",
          "head": [
            -0.3790416419506073,
            0.5875194072723389,
            1.4692131280899048
          ],
          "tail": [
            -0.2985924780368805,
            0.6424449682235718,
            1.4466053247451782
          ],
          "len": 0.09999998927814828,
          "dir": [
            0.8044916987419128,
            0.5492556691169739,
            -0.22607804834842682
          ],
          "matrix": [
            [
              0.5821103453636169,
              0.8044916987419128,
              0.11807014048099518,
              -0.3790416419506073
            ],
            [
              -0.8047526478767395,
              0.5492557883262634,
              0.2251468300819397,
              0.5875194072723389
            ],
            [
              0.11627805978059769,
              -0.2260775864124298,
              0.9671443104743958,
              1.4692131280899048
            ],
            [
              0.0,
              0.0,
              0.0,
              1.0
            ]
          ],
          "constraints": [
            {
              "name": "DAT ProxyIK Follow Rotation",
              "type": "COPY_ROTATION",
              "target": "DAT_ControlRigV5",
              "subtarget": "IK_Hand.L",
              "owner_space": "POSE",
              "target_space": "POSE",
              "chain_count": null,
              "pole": "",
              "pole_angle": null
            }
          ]
        },
        {
          "bone": "RightArm",
          "parent": "RightShoulder",
          "head": [
            0.19592227041721344,
            -0.028126545250415802,
            1.4040647745132446
          ],
          "tail": [
            0.25964146852493286,
            0.047984711825847626,
            1.3919423818588257
          ],
          "len": 0.10000005912732447,
          "dir": [
            0.6371915936470032,
            0.7611121535301208,
            -0.12122385948896408
          ],
          "matrix": [
            [
              -0.7546002268791199,
              0.637191891670227,
              -0.1567344218492508,
              0.19592227041721344
            ],
            [
              0.6480979919433594,
              0.7611122727394104,
              -0.026032598689198494,
              -0.028126545250415802
            ],
            [
              0.1027047261595726,
              -0.12122343480587006,
              -0.987297773361206,
              1.4040647745132446
            ],
            [
              0.0,
              0.0,
              0.0,
              1.0
            ]
          ],
          "constraints": [
            {
              "name": "DAT ProxyIK Follow Rotation",
              "type": "COPY_ROTATION",
              "target": "DAT_ControlRigV5",
              "subtarget": "IK_Arm.R",
              "owner_space": "POSE",
              "target_space": "POSE",
              "chain_count": null,
              "pole": "",
              "pole_angle": null
            }
          ]
        },
        {
          "bone": "RightForeArm",
          "parent": "RightArmRoll",
          "head": [
            0.011134795844554901,
            -0.24884775280952454,
            1.4392186403274536
          ],
          "tail": [
            0.07663341611623764,
            -0.1748134195804596,
            1.42409086227417
          ],
          "len": 0.10000000797735961,
          "dir": [
            0.6549861431121826,
            0.7403432726860046,
            -0.15127776563167572
          ],
          "matrix": [
            [
              0.14891907572746277,
              0.6549863219261169,
              0.7408215403556824,
              0.011134795844554901
            ],
            [
              -0.3227404057979584,
              0.7403435707092285,
              -0.5896868109703064,
              -0.24884775280952454
            ],
            [
              -0.9346991777420044,
              -0.15127737820148468,
              0.3216417133808136,
              1.4392186403274536
            ],
            [
              0.0,
              0.0,
              0.0,
              1.0
            ]
          ],
          "constraints": [
            {
              "name": "DAT ProxyIK Follow Rotation",
              "type": "COPY_ROTATION",
              "target": "DAT_ControlRigV5",
              "subtarget": "IK_ForeArm.R",
              "owner_space": "POSE",
              "target_space": "POSE",
              "chain_count": null,
              "pole": "",
              "pole_angle": null
            }
          ]
        },
        {
          "bone": "RightHand",
          "parent": "RightForeArmRoll",
          "head": [
            -0.16898655891418457,
            -0.4524421989917755,
            1.4808199405670166
          ],
          "tail": [
            -0.17339742183685303,
            -0.5523288249969482,
            1.4826154708862305
          ],
          "len": 0.10000008772863811,
          "dir": [
            -0.04410858824849129,
            -0.9988653063774109,
            0.01795528642833233
          ],
          "matrix": [
            [
              -0.8207777738571167,
              -0.044108662754297256,
              0.5695427656173706,
              -0.16898655891418457
            ],
            [
              0.04647919163107872,
              -0.9988656044006348,
              -0.010375945828855038,
              -0.4524421989917755
            ],
            [
              0.569354236125946,
              0.017955537885427475,
              0.821896493434906,
              1.4808199405670166
            ],
            [
              0.0,
              0.0,
              0.0,
              1.0
            ]
          ],
          "constraints": [
            {
              "name": "DAT ProxyIK Follow Rotation",
              "type": "COPY_ROTATION",
              "target": "DAT_ControlRigV5",
              "subtarget": "IK_Hand.R",
              "owner_space": "POSE",
              "target_space": "POSE",
              "chain_count": null,
              "pole": "",
              "pole_angle": null
            }
          ]
        }
      ]
    },
    {
      "object": "DAT_ControlRigV5",
      "bone_count": 10,
      "visible": [
        "CTRL_Hand.L",
        "CTRL_Elbow.L",
        "CTRL_Hand.R",
        "CTRL_Elbow.R"
      ],
      "bones": [
        {
          "bone": "IK_Arm.L",
          "parent": null,
          "head": [
            0.15999993681907654,
            0.010294632986187935,
            1.4299691915512085
          ],
          "tail": [
            0.09951994568109512,
            0.08974156528711319,
            1.435479998588562
          ],
          "len": 0.1000000673764362,
          "dir": [
            -0.6047995090484619,
            0.7944688200950623,
            0.05510803312063217
          ],
          "matrix": [
            [
              0.5180124640464783,
              -0.6047996282577515,
              0.6048803329467773,
              0.15999993681907654
            ],
            [
              0.4450143873691559,
              0.7944689393043518,
              0.4132575988769531,
              0.010294632986187935
            ],
            [
              -0.7304967641830444,
              0.055107757449150085,
              0.68068927526474,
              1.4299691915512085
            ],
            [
              0.0,
              0.0,
              0.0,
              1.0
            ]
          ],
          "constraints": []
        },
        {
          "bone": "IK_ForeArm.L",
          "parent": "IK_Arm.L",
          "head": [
            0.09951996803283691,
            0.08974163234233856,
            1.4354798793792725
          ],
          "tail": [
            -0.06335775554180145,
            0.3263746201992035,
            1.4539413452148438
          ],
          "len": 0.28786307110480214,
          "dir": [
            -0.5658166408538818,
            0.822033166885376,
            0.06413280218839645
          ],
          "matrix": [
            [
              0.6739959120750427,
              -0.5658167600631714,
              0.47495344281196594,
              0.09951996803283691
            ],
            [
              0.5059185028076172,
              0.8220332860946655,
              0.2613585889339447,
              0.08974163234233856
            ],
            [
              -0.5383084416389465,
              0.06413280963897705,
              0.8403043150901794,
              1.4354798793792725
            ],
            [
              0.0,
              0.0,
              0.0,
              1.0
            ]
          ],
          "constraints": []
        },
        {
          "bone": "IK_Hand.L",
          "parent": "IK_ForeArm.L",
          "head": [
            -0.06335773319005966,
            0.3263745903968811,
            1.4539413452148438
          ],
          "tail": [
            0.15787741541862488,
            0.4774198830127716,
            1.3917700052261353
          ],
          "len": 0.27499990950929715,
          "dir": [
            0.8044916987419128,
            0.5492557883262634,
            -0.22607766091823578
          ],
          "matrix": [
            [
              0.5821102261543274,
              0.8044921159744263,
              0.11807052791118622,
              -0.06335773319005966
            ],
            [
              -0.8047528266906738,
              0.5492560863494873,
              0.22514663636684418,
              0.3263745903968811
            ],
            [
              0.11627811193466187,
              -0.22607770562171936,
              0.967144787311554,
              1.4539413452148438
            ],
            [
              0.0,
              0.0,
              0.0,
              1.0
            ]
          ],
          "constraints": [
            {
              "name": "DAT Proxy Arm IK",
              "type": "IK",
              "target": "DAT_ControlRigV5",
              "subtarget": "CTRL_Hand.L",
              "owner_space": "WORLD",
              "target_space": "WORLD",
              "chain_count": 3,
              "pole": "CTRL_Elbow.L",
              "pole_angle": -1.5707963705062866
            }
          ]
        },
        {
          "bone": "IK_Arm.R",
          "parent": null,
          "head": [
            -0.15992508828639984,
            0.010279681533575058,
            1.4302585124969482
          ],
          "tail": [
            -0.09620586782693863,
            0.08639094233512878,
            1.4181361198425293
          ],
          "len": 0.10000007309715386,
          "dir": [
            0.6371917128562927,
            0.7611119747161865,
            -0.12122383713722229
          ],
          "matrix": [
            [
              -0.7546000480651855,
              0.6371917724609375,
              -0.15673406422138214,
              -0.15992508828639984
            ],
            [
              0.6480981111526489,
              0.7611120939254761,
              -0.02603258565068245,
              0.010279681533575058
            ],
            [
              0.10270459204912186,
              -0.12122341990470886,
              -0.987297773361206,
              1.4302585124969482
            ],
            [
              0.0,
              0.0,
              0.0,
              1.0
            ]
          ],
          "constraints": []
        },
        {
          "bone": "IK_ForeArm.R",
          "parent": "IK_Arm.R",
          "head": [
            -0.09620572626590729,
            0.08639100193977356,
            1.4181361198425293
          ],
          "tail": [
            0.09657615423202515,
            0.3043054938316345,
            1.3736073970794678
          ],
          "len": 0.2943371967650715,
          "dir": [
            0.6549694538116455,
            0.7403566241264343,
            -0.15128472447395325
          ],
          "matrix": [
            [
              0.14892274141311646,
              0.6549690961837769,
              0.7408464550971985,
              -0.09620572626590729
            ],
            [
              -0.32274702191352844,
              0.7403562664985657,
              -0.5896741151809692,
              0.08639100193977356
            ],
            [
              -0.934719979763031,
              -0.15128453075885773,
              0.32166287302970886,
              1.4181361198425293
            ],
            [
              0.0,
              0.0,
              0.0,
              1.0
            ]
          ],
          "constraints": []
        },
        {
          "bone": "IK_Hand.R",
          "parent": "IK_ForeArm.R",
          "head": [
            0.09657620638608932,
            0.3043054938316345,
            1.3736072778701782
          ],
          "tail": [
            0.0844464972615242,
            0.029621809720993042,
            1.3785449266433716
          ],
          "len": 0.2749957061583836,
          "dir": [
            -0.04410871863365173,
            -0.9988653063774109,
            0.017955366522073746
          ],
          "matrix": [
            [
              -0.8207984566688538,
              -0.04410809278488159,
              0.5695638656616211,
              0.09657620638608932
            ],
            [
              0.04648144170641899,
              -0.9988508820533752,
              -0.010381181724369526,
              0.3043054938316345
            ],
            [
              0.5693686604499817,
              0.017955124378204346,
              0.821906328201294,
              1.3736072778701782
            ],
            [
              0.0,
              0.0,
              0.0,
              1.0
            ]
          ],
          "constraints": [
            {
              "name": "DAT Proxy Arm IK",
              "type": "IK",
              "target": "DAT_ControlRigV5",
              "subtarget": "CTRL_Hand.R",
              "owner_space": "WORLD",
              "target_space": "WORLD",
              "chain_count": 3,
              "pole": "CTRL_Elbow.R",
              "pole_angle": -1.5707963705062866
            }
          ]
        },
        {
          "bone": "CTRL_Hand.L",
          "parent": null,
          "head": [
            0.13703444600105286,
            0.5070923566818237,
            1.3940355777740479
          ],
          "tail": [
            0.21872028708457947,
            0.56010901927948,
            1.3713054656982422
          ],
          "len": 0.10000000499421718,
          "dir": [
            0.8168583512306213,
            0.5301665663719177,
            -0.22730110585689545
          ],
          "matrix": [
            [
              0.5639313459396362,
              0.8168584108352661,
              0.12134158611297607,
              0.13703444600105286
            ],
            [
              -0.8168584108352661,
              0.5301666259765625,
              0.22730112075805664,
              0.5070923566818237
            ],
            [
              0.12134157121181488,
              -0.22730112075805664,
              0.9662351608276367,
              1.3940355777740479
            ],
            [
              0.0,
              0.0,
              0.0,
              1.0
            ]
          ],
          "constraints": []
        },
        {
          "bone": "CTRL_Elbow.L",
          "parent": null,
          "head": [
            -0.7409743070602417,
            0.249336838722229,
            0.8708705902099609
          ],
          "tail": [
            -0.7409743070602417,
            0.249336838722229,
            1.050870656967163
          ],
          "len": 0.18000006442267535,
          "dir": [
            0.0,
            0.0,
            1.0
          ],
          "matrix": [
            [
              1.0,
              0.0,
              0.0,
              -0.7409743070602417
            ],
            [
              0.0,
              0.0,
              -1.0,
              0.249336838722229
            ],
            [
              0.0,
              1.0,
              0.0,
              0.8708705902099609
            ],
            [
              0.0,
              0.0,
              0.0,
              1.0
            ]
          ],
          "constraints": []
        },
        {
          "bone": "CTRL_Hand.R",
          "parent": null,
          "head": [
            0.23323103785514832,
            0.19960705935955048,
            1.3453255891799927
          ],
          "tail": [
            0.2245885580778122,
            0.10001782327890396,
            1.3480279445648193
          ],
          "len": 0.10000005781083167,
          "dir": [
            -0.08642474561929703,
            -0.995891809463501,
            0.027023538947105408
          ],
          "matrix": [
            [
              -0.8181474208831787,
              -0.08642474561929703,
              0.5685036182403564,
              0.23323103785514832
            ],
            [
              0.08642474561929703,
              -0.995891809463501,
              -0.02702353708446026,
              0.19960705935955048
            ],
            [
              0.5685036182403564,
              0.027023538947105408,
              0.8222386837005615,
              1.3453255891799927
            ],
            [
              0.0,
              0.0,
              0.0,
              1.0
            ]
          ],
          "constraints": []
        },
        {
          "bone": "CTRL_Elbow.R",
          "parent": null,
          "head": [
            1.176943302154541,
            -0.3652007281780243,
            0.9315059185028076
          ],
          "tail": [
            1.176943302154541,
            -0.3652007281780243,
            1.1115059852600098
          ],
          "len": 0.18000006442267535,
          "dir": [
            0.0,
            0.0,
            1.0
          ],
          "matrix": [
            [
              1.0,
              0.0,
              0.0,
              1.176943302154541
            ],
            [
              0.0,
              0.0,
              -1.0,
              -0.3652007281780243
            ],
            [
              0.0,
              1.0,
              0.0,
              0.9315059185028076
            ],
            [
              0.0,
              0.0,
              0.0,
              1.0
            ]
          ],
          "constraints": []
        }
      ]
    }
  ]
}