{
  "source": "P:\\Animation_Weapon\\Weapon_template_clean_no_blender_ik.blend",
  "saved_as": "P:\\Animation_Weapon\\Weapon_template_dayz_diag_restored.blend",
  "armature": "_DayZ_Character",
  "removed_objects": [],
  "removed_constraints": [],
  "remaining_pose_constraints_on_important_bones": 0,
  "bones": [
    {
      "name": "LeftShoulder",
      "parent": "Spine3",
      "head_local": [
        0.010000023059546947,
        -0.019705330953001976,
        1.3899686336517334
      ],
      "tail_local": [
        0.16025112569332123,
        0.0097555723041296,
        1.4294235706329346
      ],
      "matrix_local": [
        [
          0.24487212300300598,
          0.9502708315849304,
          0.19241361320018768,
          0.010000023059546947
        ],
        [
          0.048013150691986084,
          0.1863269805908203,
          -0.9813138842582703,
          -0.019705330953001976
        ],
        [
          -0.9683659076690674,
          0.2495347559452057,
          6.88138584337139e-07,
          1.3899686336517334
        ],
        [
          0.0,
          0.0,
          0.0,
          1.0
        ]
      ],
      "pose_matrix": [
        [
          -0.6283059120178223,
          -0.6432435512542725,
          0.4375724196434021,
          0.05355214327573776
        ],
        [
          0.09956566989421844,
          0.49134451150894165,
          0.8652554154396057,
          0.053933024406433105
        ],
        [
          -0.7715688943862915,
          0.587212324142456,
          -0.2446696162223816,
          1.3421735763549805
        ],
        [
          0.0,
          0.0,
          0.0,
          1.0
        ]
      ],
      "constraints": []
    },
    {
      "name": "LeftArm",
      "parent": "LeftShoulder",
      "head_local": [
        0.15999993681907654,
        0.010294632986187935,
        1.4299691915512085
      ],
      "tail_local": [
        0.2344186156988144,
        0.03380449116230011,
        1.367445945739746
      ],
      "matrix_local": [
        [
          -0.6438877582550049,
          0.7441864013671875,
          0.17774996161460876,
          0.15999992191791534
        ],
        [
          0.0034015998244285583,
          0.2350984811782837,
          -0.9719656705856323,
          0.010294627398252487
        ],
        [
          -0.7651123404502869,
          -0.6252322196960449,
          -0.15390858054161072,
          1.4299691915512085
        ],
        [
          0.0,
          0.0,
          0.0,
          1.0
        ]
      ],
      "pose_matrix": [
        [
          0.4290222227573395,
          -0.07871469855308533,
          0.899857759475708,
          -0.04805056005716324
        ],
        [
          -0.4719645380973816,
          0.8298661708831787,
          0.2976092994213104,
          0.1310647428035736
        ],
        [
          -0.7701877951622009,
          -0.5523819923400879,
          0.3188806176185608,
          1.4355952739715576
        ],
        [
          0.0,
          0.0,
          0.0,
          1.0
        ]
      ],
      "constraints": []
    },
    {
      "name": "LeftArmRoll",
      "parent": "LeftArm",
      "head_local": [
        0.30883723497390747,
        0.057314321398735046,
        1.3049228191375732
      ],
      "tail_local": [
        0.3832559287548065,
        0.08082417398691177,
        1.2423995733261108
      ],
      "matrix_local": [
        [
          -0.6438875794410706,
          0.744186520576477,
          0.1777498573064804,
          0.30883723497390747
        ],
        [
          0.0034016959834843874,
          0.23509837687015533,
          -0.9719656705856323,
          0.05731431394815445
        ],
        [
          -0.7651124596595764,
          -0.6252320408821106,
          -0.15390855073928833,
          1.3049228191375732
        ],
        [
          0.0,
          0.0,
          0.0,
          1.0
        ]
      ],
      "pose_matrix": [
        [
          0.6337941288948059,
          -0.07871387153863907,
          0.7694863080978394,
          -0.06379352509975433
        ],
        [
          -0.3860415816307068,
          0.8298661708831787,
          0.4028570353984833,
          0.2970379590988159
        ],
        [
          -0.6702810525894165,
          -0.5523821711540222,
          0.4955775737762451,
          1.325118899345398
        ],
        [
          0.0,
          0.0,
          0.0,
          1.0
        ]
      ],
      "constraints": []
    },
    {
      "name": "LeftForeArm",
      "parent": "LeftArmRoll",
      "head_local": [
        0.3758138418197632,
        0.07847312092781067,
        1.2486521005630493
      ],
      "tail_local": [
        0.452308714389801,
        0.0766439139842987,
        1.1842689514160156
      ],
      "matrix_local": [
        [
          -0.6438876390457153,
          0.7649487257003784,
          -0.016187474131584167,
          0.3758138418197632
        ],
        [
          0.0034045963548123837,
          -0.018292084336280823,
          -0.9998269081115723,
          0.07847311347723007
        ],
        [
          -0.7651124000549316,
          -0.6438314318656921,
          0.009173601865768433,
          1.2486521005630493
        ],
        [
          0.0,
          0.0,
          0.0,
          1.0
        ]
      ],
      "pose_matrix": [
        [
          0.6544644236564636,
          0.7560449838638306,
          -0.008505940437316895,
          -0.07087776064872742
        ],
        [
          -0.577113687992096,
          0.4922427535057068,
          -0.6516416668891907,
          0.37172573804855347
        ],
        [
          -0.4884832799434662,
          0.4313851594924927,
          0.7584793567657471,
          1.275404691696167
        ],
        [
          0.0,
          0.0,
          0.0,
          1.0
        ]
      ],
      "constraints": []
    },
    {
      "name": "LeftForeArmRoll",
      "parent": "LeftForeArm",
      "head_local": [
        0.5318631529808044,
        0.07474154233932495,
        1.117310643196106
      ],
      "tail_local": [
        0.6083580255508423,
        0.07291233539581299,
        1.0529274940490723
      ],
      "matrix_local": [
        [
          -0.6438877582550049,
          0.7649486064910889,
          -0.016187461093068123,
          0.5318631529808044
        ],
        [
          0.0034045963548123837,
          -0.01829206943511963,
          -0.9998269081115723,
          0.07474153488874435
        ],
        [
          -0.7651122808456421,
          -0.6438315510749817,
          0.009173593483865261,
          1.117310643196106
        ],
        [
          0.0,
          0.0,
          0.0,
          1.0
        ]
      ],
      "pose_matrix": [
        [
          -0.049254924058914185,
          0.7560449838638306,
          -0.6526637673377991,
          0.08335521817207336
        ],
        [
          -0.6144278049468994,
          0.49224328994750977,
          0.6165832281112671,
          0.47214311361312866
        ],
        [
          0.7874341607093811,
          0.4313845634460449,
          0.4402894973754883,
          1.3634071350097656
        ],
        [
          0.0,
          0.0,
          0.0,
          1.0
        ]
      ],
      "constraints": []
    },
    {
      "name": "LeftHand",
      "parent": "LeftForeArmRoll",
      "head_local": [
        0.586174488067627,
        0.07344280928373337,
        1.0715985298156738
      ],
      "tail_local": [
        0.6626693606376648,
        0.0716136023402214,
        1.0072153806686401
      ],
      "matrix_local": [
        [
          -0.6438876986503601,
          0.7649486660957336,
          -0.016187461093068123,
          0.586174488067627
        ],
        [
          0.00340459612198174,
          -0.01829206757247448,
          -0.9998269081115723,
          0.07344280183315277
        ],
        [
          -0.7651123404502869,
          -0.6438314914703369,
          0.009173591621220112,
          1.0715985298156738
        ],
        [
          0.0,
          0.0,
          0.0,
          1.0
        ]
      ],
      "pose_matrix": [
        [
          0.41507816314697266,
          0.8168582916259766,
          -0.400565505027771,
          0.13703444600105286
        ],
        [
          -0.266600102186203,
          0.5301666855812073,
          0.8048896789550781,
          0.5070923566818237
        ],
        [
          0.8698474764823914,
          -0.22730128467082977,
          0.4378350079059601,
          1.3940355777740479
        ],
        [
          0.0,
          0.0,
          0.0,
          1.0
        ]
      ],
      "constraints": []
    },
    {
      "name": "LeftHand_Dummy",
      "parent": "LeftHand",
      "head_local": [
        0.6704044342041016,
        0.06534591317176819,
        1.0036009550094604
      ],
      "tail_local": [
        0.7156811952590942,
        0.06441841274499893,
        0.9824076294898987
      ],
      "matrix_local": [
        [
          0.4239630401134491,
          0.9055347442626953,
          0.0161870326846838,
          0.6704044342041016
        ],
        [
          0.0014468885492533445,
          -0.018549999222159386,
          0.9998269081115723,
          0.06534590572118759
        ],
        [
          0.9056782722473145,
          -0.423866331577301,
          -0.009174617007374763,
          1.0036009550094604
        ],
        [
          0.0,
          0.0,
          0.0,
          1.0
        ]
      ],
      "pose_matrix": [
        [
          -0.6123351454734802,
          0.6816107034683228,
          0.40056535601615906,
          0.22217229008674622
        ],
        [
          0.12031326442956924,
          0.5810990333557129,
          -0.8048902750015259,
          0.5700511932373047
        ],
        [
          -0.7813901305198669,
          -0.44466927647590637,
          -0.4378340542316437,
          1.3701339960098267
        ],
        [
          0.0,
          0.0,
          0.0,
          1.0
        ]
      ],
      "constraints": []
    },
    {
      "name": "LeftHandIK",
      "parent": "RightHand_Dummy",
      "head_local": [
        0.5830954909324646,
        0.08007564395666122,
        1.070475697517395
      ],
      "tail_local": [
        0.6212460398674011,
        0.07994384318590164,
        1.0381567478179932
      ],
      "matrix_local": [
        [
          -0.6463848352432251,
          0.763011634349823,
          -0.00045451801270246506,
          0.5830956697463989
        ],
        [
          -0.002408570609986782,
          -0.0026361863128840923,
          -0.9999939203262329,
          0.08007566630840302
        ],
        [
          -0.7630078196525574,
          -0.646379828453064,
          0.0035416088066995144,
          1.070475697517395
        ],
        [
          0.0,
          0.0,
          0.0,
          1.0
        ]
      ],
      "pose_matrix": [
        [
          0.6469720602035522,
          -0.7625129222869873,
          0.0014986656606197357,
          -0.5229210257530212
        ],
        [
          -0.15549294650554657,
          -0.13000696897506714,
          0.9792450666427612,
          0.0529208779335022
        ],
        [
          -0.7464919090270996,
          -0.6337769031524658,
          -0.20267634093761444,
          1.0699594020843506
        ],
        [
          0.0,
          0.0,
          0.0,
          1.0
        ]
      ],
      "constraints": []
    },
    {
      "name": "RightShoulder",
      "parent": "Spine3",
      "head_local": [
        -0.009999972768127918,
        -0.019705437123775482,
        1.3899688720703125
      ],
      "tail_local": [
        0.1397937834262848,
        -0.05033960938453674,
        1.349678874015808
      ],
      "matrix_local": [
        [
          0.24964989721775055,
          0.9473809003829956,
          0.20036137104034424,
          -0.009999972768127918
        ],
        [
          -0.05105317756533623,
          -0.19374795258045197,
          0.9797221422195435,
          -0.019705437123775482
        ],
        [
          0.9669895768165588,
          -0.2548168897628784,
          -2.2444407932198374e-06,
          1.3899688720703125
        ],
        [
          0.0,
          0.0,
          0.0,
          1.0
        ]
      ],
      "pose_matrix": [
        [
          -0.22688604891300201,
          -0.7924176454544067,
          -0.5662134289741516,
          0.07025651633739471
        ],
        [
          0.3998349905014038,
          0.45433497428894043,
          -0.7960602045059204,
          0.0431821383535862
        ],
        [
          0.8880624771118164,
          -0.40700700879096985,
          0.21375396847724915,
          1.3398535251617432
        ],
        [
          0.0,
          0.0,
          0.0,
          1.0
        ]
      ],
      "constraints": []
    },
    {
      "name": "RightArm",
      "parent": "RightShoulder",
      "head_local": [
        -0.15992508828639984,
        0.010279681533575058,
        1.4302585124969482
      ],
      "tail_local": [
        -0.08550678193569183,
        -0.013230174779891968,
        1.4927822351455688
      ],
      "matrix_local": [
        [
          -0.643892765045166,
          0.7441824674606323,
          0.1777493953704834,
          -0.15992499887943268
        ],
        [
          -0.0034008026123046875,
          -0.23509842157363892,
          0.9719657301902771,
          0.010279664769768715
        ],
        [
          0.7651085257530212,
          0.625236988067627,
          0.1539091020822525,
          1.4302585124969482
        ],
        [
          0.0,
          0.0,
          0.0,
          1.0
        ]
      ],
      "pose_matrix": [
        [
          0.6254488229751587,
          -0.7738161087036133,
          -0.10011529922485352,
          0.19592227041721344
        ],
        [
          -0.40560081601142883,
          -0.21282464265823364,
          -0.8889285326004028,
          -0.028126545250415802
        ],
        [
          0.6665601134300232,
          0.5965858697891235,
          -0.4469711482524872,
          1.4040647745132446
        ],
        [
          0.0,
          0.0,
          0.0,
          1.0
        ]
      ],
      "constraints": []
    },
    {
      "name": "RightArmRoll",
      "parent": "RightArm",
      "head_local": [
        -0.3087615370750427,
        0.05729934573173523,
        1.3052111864089966
      ],
      "tail_local": [
        -0.23434323072433472,
        0.03378951549530029,
        1.3677349090576172
      ],
      "matrix_local": [
        [
          -0.6438925862312317,
          0.7441826462745667,
          0.17774908244609833,
          -0.30876147747039795
        ],
        [
          -0.003401046385988593,
          -0.23509815335273743,
          0.9719657897949219,
          0.057299330830574036
        ],
        [
          0.7651087045669556,
          0.6252367496490479,
          0.15390907227993011,
          1.3052111864089966
        ],
        [
          0.0,
          0.0,
          0.0,
          1.0
        ]
      ],
      "pose_matrix": [
        [
          0.5875931978225708,
          -0.7738289833068848,
          0.23648153245449066,
          0.3506854772567749
        ],
        [
          0.11046680808067322,
          -0.21280397474765778,
          -0.970830500125885,
          0.014438353478908539
        ],
        [
          0.8015808463096619,
          0.5965763926506042,
          -0.03955960273742676,
          1.2847477197647095
        ],
        [
          0.0,
          0.0,
          0.0,
          1.0
        ]
      ],
      "constraints": []
    },
    {
      "name": "RightForeArm",
      "parent": "RightArmRoll",
      "head_local": [
        -0.37573808431625366,
        0.07845821231603622,
        1.248939871788025
      ],
      "tail_local": [
        -0.29924365878105164,
        0.0802876278758049,
        1.3133234977722168
      ],
      "matrix_local": [
        [
          -0.6438929438591003,
          0.7649443745613098,
          -0.01618736982345581,
          -0.3757380247116089
        ],
        [
          -0.003401972819119692,
          0.018294185400009155,
          0.9998269081115723,
          0.07845818996429443
        ],
        [
          0.7651083469390869,
          0.6438363194465637,
          -0.009176984429359436,
          1.248939871788025
        ],
        [
          0.0,
          0.0,
          0.0,
          1.0
        ]
      ],
      "pose_matrix": [
        [
          0.6190978288650513,
          0.6803600788116455,
          0.3922099173069,
          0.4203301966190338
        ],
        [
          0.1699998825788498,
          -0.6036958694458008,
          0.7788784503936768,
          0.033590734004974365
        ],
        [
          0.7666931748390198,
          -0.41552597284317017,
          -0.4894076883792877,
          1.2310558557510376
        ],
        [
          0.0,
          0.0,
          0.0,
          1.0
        ]
      ],
      "constraints": []
    },
    {
      "name": "RightForeArmRoll",
      "parent": "RightForeArm",
      "head_local": [
        -0.5317863821983337,
        0.07472620904445648,
        1.1175974607467651
      ],
      "tail_local": [
        -0.4552919566631317,
        0.07655561715364456,
        1.1819812059402466
      ],
      "matrix_local": [
        [
          -0.6438936591148376,
          0.7649437785148621,
          -0.016187578439712524,
          -0.5317862629890442
        ],
        [
          -0.003402451053261757,
          0.018294068053364754,
          0.9998269081115723,
          0.07472619414329529
        ],
        [
          0.7651077508926392,
          0.643837034702301,
          -0.009176558814942837,
          1.1175974607467651
        ],
        [
          0.0,
          0.0,
          0.0,
          1.0
        ]
      ],
      "pose_matrix": [
        [
          0.7301651239395142,
          0.6803611516952515,
          0.06299346685409546,
          0.2815369963645935
        ],
        [
          0.509627103805542,
          -0.6036945581436157,
          0.613052487373352,
          0.15674442052841187
        ],
        [
          0.45512592792510986,
          -0.41552600264549255,
          -0.7875269651412964,
          1.315822958946228
        ],
        [
          0.0,
          0.0,
          0.0,
          1.0
        ]
      ],
      "constraints": []
    },
    {
      "name": "RightHand",
      "parent": "RightForeArmRoll",
      "head_local": [
        -0.586097776889801,
        0.07342731952667236,
        1.0718847513198853
      ],
      "tail_local": [
        -0.5096033811569214,
        0.07525673508644104,
        1.1362684965133667
      ],
      "matrix_local": [
        [
          -0.6438937187194824,
          0.7649437189102173,
          -0.01618802361190319,
          -0.5860976576805115
        ],
        [
          -0.003403049660846591,
          0.01829414814710617,
          0.9998269081115723,
          0.07342730462551117
        ],
        [
          0.7651076912879944,
          0.6438370943069458,
          -0.009176154620945454,
          1.0718847513198853
        ],
        [
          0.0,
          0.0,
          0.0,
          1.0
        ]
      ],
      "pose_matrix": [
        [
          0.9761773943901062,
          -0.086424820125103,
          0.19902026653289795,
          0.23323103785514832
        ],
        [
          -0.07923304289579391,
          -0.9958919882774353,
          -0.04383641481399536,
          0.19960705935955048
        ],
        [
          0.20199142396450043,
          0.02702319622039795,
          -0.97901451587677,
          1.3453255891799927
        ],
        [
          0.0,
          0.0,
          0.0,
          1.0
        ]
      ],
      "constraints": []
    },
    {
      "name": "RightHand_Dummy",
      "parent": "RightHand",
      "head_local": [
        -0.15425610542297363,
        -0.2101196050643921,
        1.3711812496185303
      ],
      "tail_local": [
        -0.15522199869155884,
        -0.11012399941682816,
        1.371019959449768
      ],
      "matrix_local": [
        [
          -0.0012727964203804731,
          -0.009658578783273697,
          0.9999526143074036,
          -0.15425601601600647
        ],
        [
          -0.0016252067871391773,
          0.9999522566795349,
          0.009656361304223537,
          -0.2101195901632309
        ],
        [
          -0.9999979734420776,
          -0.0016126511618494987,
          -0.001288809347897768,
          1.3711812496185303
        ],
        [
          0.0,
          0.0,
          0.0,
          1.0
        ]
      ],
      "pose_matrix": [
        [
          0.0020412951707839966,
          0.008612990379333496,
          -0.999961256980896,
          0.21450349688529968
        ],
        [
          -0.20455476641654968,
          -0.9788154363632202,
          -0.008848309516906738,
          0.3982330560684204
        ],
        [
          -0.9788534045219421,
          0.20456504821777344,
          -0.00023623555898666382,
          1.3050965070724487
        ],
        [
          0.0,
          0.0,
          0.0,
          1.0
        ]
      ],
      "constraints": []
    },
    {
      "name": "RightHandIK",
      "parent": "RightHand_Dummy",
      "head_local": [
        -0.5891954898834229,
        0.06875505298376083,
        1.0719804763793945
      ],
      "tail_local": [
        -0.550868034362793,
        0.06960999220609665,
        1.1040784120559692
      ],
      "matrix_local": [
        [
          -0.641889750957489,
          0.7665489912033081,
          -0.019509878009557724,
          -0.5891953706741333
        ],
        [
          -0.009968917816877365,
          0.017098596319556236,
          0.9998043775558472,
          0.06875510513782501
        ],
        [
          0.7667325139045715,
          0.641958475112915,
          -0.0033336819615215063,
          1.0719804763793945
        ],
        [
          0.0,
          0.0,
          0.0,
          1.0
        ]
      ],
      "pose_matrix": [
        [
          0.6413119435310364,
          -0.7670587301254272,
          0.018465757369995117,
          0.6493801474571228
        ],
        [
          0.16725629568099976,
          0.11626890301704407,
          -0.9790340662002563,
          0.06329283118247986
        ],
        [
          0.748829185962677,
          0.6309547424316406,
          0.2028599977493286,
          1.0702303647994995
        ],
        [
          0.0,
          0.0,
          0.0,
          1.0
        ]
      ],
      "constraints": []
    },
    {
      "name": "LeftHandOrigin",
      "parent": "RightHand_Dummy",
      "head_local": [
        0.6626693606376648,
        0.0716136023402214,
        1.0072153806686401
      ],
      "tail_local": [
        0.7391642332077026,
        0.06978439539670944,
        0.9428322315216064
      ],
      "matrix_local": [
        [
          -0.6438872814178467,
          0.7649491429328918,
          -0.016187243163585663,
          0.6626694202423096
        ],
        [
          0.0034045916981995106,
          -0.018292132765054703,
          -0.9998270273208618,
          0.0716136246919632
        ],
        [
          -0.7651126980781555,
          -0.643831193447113,
          0.009173516184091568,
          1.0072153806686401
        ],
        [
          0.0,
          0.0,
          0.0,
          1.0
        ]
      ],
      "pose_matrix": [
        [
          0.4156118929386139,
          0.8127664923667908,
          -0.4082619845867157,
          0.14407390356063843
        ],
        [
          -0.07964077591896057,
          0.4796605706214905,
          0.8738327622413635,
          0.4915672540664673
        ],
        [
          0.9060489535331726,
          -0.3306610584259033,
          0.2640816569328308,
          1.3091630935668945
        ],
        [
          0.0,
          0.0,
          0.0,
          1.0
        ]
      ],
      "constraints": []
    },
    {
      "name": "LeftHandIKTarget",
      "parent": "RightHand_Dummy",
      "head_local": [
        0.6626693606376648,
        0.0716136023402214,
        1.0072153806686401
      ],
      "tail_local": [
        0.6626693606376648,
        0.0716136023402214,
        1.107215404510498
      ],
      "matrix_local": [
        [
          -0.6465408802032471,
          -2.1886080503463745e-07,
          0.7628793716430664,
          0.6626694202423096
        ],
        [
          0.762879490852356,
          -6.466689228545874e-08,
          0.6465408205986023,
          0.0716136246919632
        ],
        [
          2.8777867555618286e-07,
          1.0000001192092896,
          3.888271749019623e-08,
          1.0072153806686401
        ],
        [
          0.0,
          0.0,
          0.0,
          1.0
        ]
      ],
      "pose_matrix": [
        [
          0.551588773727417,
          0.6920581459999084,
          -0.46562451124191284,
          0.1459675431251526
        ],
        [
          -0.19159576296806335,
          0.6484200954437256,
          0.7367790341377258,
          0.49384427070617676
        ],
        [
          0.8118139505386353,
          -0.31718742847442627,
          0.49025648832321167,
          1.3352110385894775
        ],
        [
          0.0,
          0.0,
          0.0,
          1.0
        ]
      ],
      "constraints": []
    },
    {
      "name": "RightHandOrigin",
      "parent": "RightShoulder",
      "head_local": [
        -0.586097776889801,
        0.07342731952667236,
        1.0718847513198853
      ],
      "tail_local": [
        -0.5096033215522766,
        0.07525673508644104,
        1.1362684965133667
      ],
      "matrix_local": [
        [
          -0.643893837928772,
          0.7649438977241516,
          -0.016187846660614014,
          -0.5860976576805115
        ],
        [
          -0.003402620553970337,
          0.018294230103492737,
          0.999826967716217,
          0.07342729717493057
        ],
        [
          0.7651076912879944,
          0.6438372731208801,
          -0.009176571853458881,
          1.0718846321105957
        ],
        [
          0.0,
          0.0,
          0.0,
          1.0
        ]
      ],
      "pose_matrix": [
        [
          0.9754785299301147,
          -0.09506471455097198,
          0.19850727915763855,
          0.21406137943267822
        ],
        [
          -0.12710219621658325,
          -0.9796339273452759,
          0.15544404089450836,
          0.11528190970420837
        ],
        [
          0.1796872764825821,
          -0.17686282098293304,
          -0.9676942825317383,
          1.3521907329559326
        ],
        [
          0.0,
          0.0,
          0.0,
          1.0
        ]
      ],
      "constraints": []
    },
    {
      "name": "LeftForeArmDirection",
      "parent": "LeftShoulder",
      "head_local": [
        0.3758138418197632,
        0.07847312092781067,
        1.2486521005630493
      ],
      "tail_local": [
        0.452308714389801,
        0.0766439139842987,
        1.1842689514160156
      ],
      "matrix_local": [
        [
          -0.6438876986503601,
          0.7649486660957336,
          -0.016187474131584167,
          0.3758138418197632
        ],
        [
          0.0034046024084091187,
          -0.01829203963279724,
          -0.9998269081115723,
          0.07847312092781067
        ],
        [
          -0.7651124000549316,
          -0.6438314914703369,
          0.009173608385026455,
          1.2486521005630493
        ],
        [
          0.0,
          0.0,
          0.0,
          1.0
        ]
      ],
      "pose_matrix": [
        [
          0.599824845790863,
          0.7698466777801514,
          -0.2180519849061966,
          0.006997823715209961
        ],
        [
          -0.7401995062828064,
          0.43040961027145386,
          -0.5165771842002869,
          0.44173699617385864
        ],
        [
          -0.3038334250450134,
          0.47125786542892456,
          0.8280105590820312,
          1.241721510887146
        ],
        [
          0.0,
          0.0,
          0.0,
          1.0
        ]
      ],
      "constraints": []
    },
    {
      "name": "LeftForeArmDirectionOrigin",
      "parent": "LeftHand",
      "head_local": [
        0.3758138418197632,
        0.07847312092781067,
        1.2486521005630493
      ],
      "tail_local": [
        0.452308714389801,
        0.0766439139842987,
        1.1842689514160156
      ],
      "matrix_local": [
        [
          -0.6438878178596497,
          0.7649485468864441,
          -0.016187457367777824,
          0.3758138418197632
        ],
        [
          0.0034045979846268892,
          -0.01829206384718418,
          -0.9998269081115723,
          0.07847311347723007
        ],
        [
          -0.7651122212409973,
          -0.6438316106796265,
          0.009173589758574963,
          1.2486521005630493
        ],
        [
          0.0,
          0.0,
          0.0,
          1.0
        ]
      ],
      "pose_matrix": [
        [
          0.6534330248832703,
          0.7569521069526672,
          -0.006994254887104034,
          -0.07112317532300949
        ],
        [
          -0.5765163898468018,
          0.49164313077926636,
          -0.6526223421096802,
          0.3718923330307007
        ],
        [
          -0.49056506156921387,
          0.4304773509502411,
          0.7576513290405273,
          1.2756450176239014
        ],
        [
          0.0,
          0.0,
          0.0,
          1.0
        ]
      ],
      "constraints": []
    },
    {
      "name": "RightForeArmDirection",
      "parent": "RightShoulder",
      "head_local": [
        -0.37573808431625366,
        0.07845821231603622,
        1.248939871788025
      ],
      "tail_local": [
        -0.29924365878105164,
        0.0802876278758049,
        1.3133234977722168
      ],
      "matrix_local": [
        [
          -0.6438927054405212,
          0.7649447321891785,
          -0.016187280416488647,
          -0.3757380247116089
        ],
        [
          -0.0034019649028778076,
          0.018294021487236023,
          0.9998269081115723,
          0.07845820486545563
        ],
        [
          0.7651087045669556,
          0.6438362002372742,
          -0.009176910854876041,
          1.2489399909973145
        ],
        [
          0.0,
          0.0,
          0.0,
          1.0
        ]
      ],
      "pose_matrix": [
        [
          0.6039854288101196,
          0.7098538875579834,
          0.36236682534217834,
          0.4284398555755615
        ],
        [
          0.2714577317237854,
          -0.6107058525085449,
          0.7438743710517883,
          0.03205804526805878
        ],
        [
          0.7493416666984558,
          -0.3509218096733093,
          -0.5615527033805847,
          1.2506272792816162
        ],
        [
          0.0,
          0.0,
          0.0,
          1.0
        ]
      ],
      "constraints": []
    },
    {
      "name": "RightForeArmDirectionOrigin",
      "parent": "RightHand",
      "head_local": [
        -0.37573808431625366,
        0.07845821231603622,
        1.248939871788025
      ],
      "tail_local": [
        -0.29924365878105164,
        0.0802876278758049,
        1.3133234977722168
      ],
      "matrix_local": [
        [
          -0.6438930630683899,
          0.764944314956665,
          -0.016187353059649467,
          -0.3757380247116089
        ],
        [
          -0.003401979338377714,
          0.018294163048267365,
          0.9998269081115723,
          0.07845819741487503
        ],
        [
          0.7651082873344421,
          0.6438364386558533,
          -0.009176967665553093,
          1.248939871788025
        ],
        [
          0.0,
          0.0,
          0.0,
          1.0
        ]
      ],
      "pose_matrix": [
        [
          0.617916464805603,
          0.6813621520996094,
          0.3923337459564209,
          0.4206133484840393
        ],
        [
          0.17064309120178223,
          -0.6033233404159546,
          0.7790266275405884,
          0.03370404243469238
        ],
        [
          0.767503023147583,
          -0.4144238829612732,
          -0.4890728294849396,
          1.2313605546951294
        ],
        [
          0.0,
          0.0,
          0.0,
          1.0
        ]
      ],
      "constraints": []
    }
  ],
  "status": "restored_clean_dayz_diag_state"
}