{
  "frame": 30,
  "ok": true,
  "target": [
    -0.6871735453605652,
    -0.6388042569160461,
    1.2099583148956299
  ],
  "before": [
    {
      "name": "LeftArm",
      "loc": [
        -0.04739377647638321,
        0.1253947764635086,
        1.438071370124817
      ],
      "rot": [
        0.8047272562980652,
        -0.25521302223205566,
        0.5230348706245422,
        -0.11711078882217407
      ]
    },
    {
      "name": "LeftArmRoll",
      "loc": [
        -0.06309101730585098,
        0.2938552498817444,
        1.3314194679260254
      ],
      "rot": [
        0.8619773387908936,
        -0.2674829959869385,
        0.42207399010658264,
        -0.08544884622097015
      ]
    },
    {
      "name": "LeftForeArm",
      "loc": [
        -0.07015468180179596,
        0.3696622848510742,
        1.2834261655807495
      ],
      "rot": [
        0.8491128087043762,
        0.3235171437263489,
        0.14687727391719818,
        -0.39085957407951355
      ]
    },
    {
      "name": "LeftForeArmRoll",
      "loc": [
        0.08464078605175018,
        0.46862882375717163,
        1.3720821142196655
      ],
      "rot": [
        0.6878993511199951,
        -0.06387659907341003,
        -0.5189993381500244,
        -0.5033427476882935
      ]
    },
    {
      "name": "LeftHand",
      "loc": [
        0.13851577043533325,
        0.5030730962753296,
        1.402937889099121
      ],
      "rot": [
        0.7740113735198975,
        -0.3291272819042206,
        -0.4075263440608978,
        -0.3556739091873169
      ]
    }
  ],
  "after": [
    {
      "name": "LeftArm",
      "loc": [
        -0.04739377647638321,
        0.1253947764635086,
        1.438071370124817
      ],
      "rot": [
        0.31763899326324463,
        -0.22771352529525757,
        0.8370910882949829,
        -0.38279300928115845
      ]
    },
    {
      "name": "LeftArmRoll",
      "loc": [
        -0.07500456273555756,
        0.24604113399982452,
        1.2809661626815796
      ],
      "rot": [
        0.4163593649864197,
        -0.2722546458244324,
        0.7926288843154907,
        -0.3525078296661377
      ]
    },
    {
      "name": "LeftForeArm",
      "loc": [
        -0.08742941170930862,
        0.30033183097839355,
        1.2102688550949097
      ],
      "rot": [
        0.4623701572418213,
        -0.1307743787765503,
        0.2389594465494156,
        -0.8438071012496948
      ]
    },
    {
      "name": "LeftForeArmRoll",
      "loc": [
        0.059002213180065155,
        0.20685407519340515,
        1.1033315658569336
      ],
      "rot": [
        0.4905652701854706,
        -0.7050273418426514,
        -0.17387844622135162,
        -0.4817141592502594
      ]
    },
    {
      "name": "LeftHand",
      "loc": [
        -0.6871735453605652,
        -0.6388042569160461,
        1.2099583148956299
      ],
      "rot": [
        -0.2120882272720337,
        -0.8690739274024963,
        -0.3182600140571594,
        0.31375133991241455
      ]
    }
  ],
  "candidates": {
    "LeftArm": {
      "desired_rows": [
        [
          -0.6945039629936218,
          -0.13805392384529114,
          0.7061197757720947,
          -0.04739377647638321
        ],
        [
          -0.6244139075279236,
          0.6032320261001587,
          -0.49620380997657776,
          0.1253947764635086
        ],
        [
          -0.35745126008987427,
          -0.7855265140533447,
          -0.5051498413085938,
          1.438071370124817
        ],
        [
          0.0,
          0.0,
          0.0,
          1.0
        ]
      ],
      "basis_rows": [
        [
          0.639728844165802,
          0.7600870132446289,
          -0.11407968401908875,
          -0.0005640769377350807
        ],
        [
          -0.07204021513462067,
          -0.08847441524267197,
          -0.9934696555137634,
          0.15811197459697723
        ],
        [
          -0.7652171850204468,
          0.6437697410583496,
          -0.0018428787589073181,
          -0.0005773454904556274
        ],
        [
          0.0,
          0.0,
          0.0,
          1.0
        ]
      ],
      "current_matrix": [
        [
          0.42543914914131165,
          -0.07848608493804932,
          0.9015771150588989,
          -0.04739377647638321
        ],
        [
          -0.45545509457588196,
          0.8423025012016296,
          0.2882474660873413,
          0.1253947764635086
        ],
        [
          -0.7820245027542114,
          -0.5332598686218262,
          0.32260191440582275,
          1.438071370124817
        ],
        [
          0.0,
          0.0,
          0.0,
          1.0
        ]
      ],
      "current_basis": [
        [
          0.9365091323852539,
          0.10819235444068909,
          -0.33353421092033386,
          0.0
        ],
        [
          -0.344865620136261,
          0.4561649262905121,
          -0.8203542828559875,
          0.0
        ],
        [
          0.06339052319526672,
          0.8832937479019165,
          0.46451446413993835,
          0.0
        ],
        [
          0.0,
          0.0,
          0.0,
          1.0
        ]
      ]
    },
    "LeftArmRoll": {
      "desired_rows": [
        [
          -0.5050445795059204,
          -0.13805389404296875,
          0.8519806265830994,
          -0.07500456273555756
        ],
        [
          -0.7251335978507996,
          0.6032311320304871,
          -0.3321042060852051,
          0.24604113399982452
        ],
        [
          -0.4680930972099304,
          -0.7855271697044373,
          -0.4047662615776062,
          1.2809661626815796
        ],
        [
          0.0,
          0.0,
          0.0,
          1.0
        ]
      ],
      "basis_rows": [
        [
          0.48146018385887146,
          0.2808229625225067,
          0.8302615880966187,
          0.056164275854825974
        ],
        [
          -0.3215281367301941,
          0.9378286600112915,
          -0.13075533509254456,
          0.18756571412086487
        ],
        [
          -0.8153623342514038,
          -0.20399856567382812,
          0.5418198108673096,
          -0.04079963266849518
        ],
        [
          0.0,
          0.0,
          0.0,
          1.0
        ]
      ],
      "current_matrix": [
        [
          0.6291040778160095,
          -0.07848525792360306,
          0.7733484506607056,
          -0.06309101730585098
        ],
        [
          -0.37310510873794556,
          0.8423024415969849,
          0.3889968693256378,
          0.2938552498817444
        ],
        [
          -0.6819241642951965,
          -0.5332600474357605,
          0.5006131529808044,
          1.3314194679260254
        ],
        [
          0.0,
          0.0,
          0.0,
          1.0
        ]
      ],
      "current_basis": [
        [
          0.9708594679832458,
          7.47473961837386e-07,
          -0.2396494597196579,
          0.0
        ],
        [
          -8.618519018455117e-07,
          1.0,
          -3.724738917298964e-07,
          0.0
        ],
        [
          0.2396494597196579,
          5.681621360054123e-07,
          0.9708594679832458,
          0.0
        ],
        [
          0.0,
          0.0,
          0.0,
          1.0
        ]
      ]
    },
    "LeftForeArm": {
      "desired_rows": [
        [
          -0.5382240414619446,
          0.7178028225898743,
          0.44167211651802063,
          -0.08742941170930862
        ],
        [
          -0.8428019285202026,
          -0.45822465419769287,
          -0.2823389768600464,
          0.30033183097839355
        ],
        [
          -0.0002787347766570747,
          -0.5242036581039429,
          0.8515928387641907,
          1.2102688550949097
        ],
        [
          0.0,
          0.0,
          0.0,
          1.0
        ]
      ],
      "basis_rows": [
        [
          -0.02395525947213173,
          0.9800059199333191,
          -0.19752155244350433,
          0.0648876279592514
        ],
        [
          -0.6675033569335938,
          -0.16276398301124573,
          -0.7265998721122742,
          0.07197017222642899
        ],
        [
          -0.7442219257354736,
          0.1144406646490097,
          0.6580557227134705,
          -0.07695218175649643
        ],
        [
          0.0,
          0.0,
          0.0,
          1.0
        ]
      ],
      "current_matrix": [
        [
          0.6513116359710693,
          0.7588022351264954,
          -0.0034687817096710205,
          -0.07015468180179596
        ],
        [
          -0.5687330961227417,
          0.4851307272911072,
          -0.6642215847969055,
          0.3696622848510742
        ],
        [
          -0.5023302435874939,
          0.4345884919166565,
          0.7475276589393616,
          1.2834261655807495
        ],
        [
          0.0,
          0.0,
          0.0,
          1.0
        ]
      ],
      "current_basis": [
        [
          0.9644910097122192,
          1.9072729173785774e-06,
          -0.2641156315803528,
          0.0
        ],
        [
          -0.24593514204025269,
          0.3646054267883301,
          -0.8980973362922668,
          0.0
        ],
        [
          0.0962962806224823,
          0.9311621189117432,
          0.3516591489315033,
          0.0
        ],
        [
          0.0,
          0.0,
          0.0,
          1.0
        ]
      ]
    },
    "LeftForeArmRoll": {
      "desired_rows": [
        [
          0.4754355549812317,
          0.7178025245666504,
          0.5086458325386047,
          0.059002213180065155
        ],
        [
          -0.22744639217853546,
          -0.4582241177558899,
          0.8592432737350464,
          0.20685407519340515
        ],
        [
          0.8498408794403076,
          -0.5242043733596802,
          -0.05459453538060188,
          1.1033315658569336
        ],
        [
          0.0,
          0.0,
          0.0,
          1.0
        ]
      ],
      "basis_rows": [
        [
          0.012112468481063843,
          0.9914442300796509,
          -0.12996870279312134,
          0.2671828269958496
        ],
        [
          0.6197511553764343,
          0.09455856680870056,
          0.7790811657905579,
          -0.05924571678042412
        ],
        [
          0.7847049832344055,
          -0.08998465538024902,
          -0.6133037805557251,
          -0.02693287841975689
        ],
        [
          0.0,
          0.0,
          0.0,
          1.0
        ]
      ],
      "current_matrix": [
        [
          -0.04542848840355873,
          0.7588022351264954,
          -0.6497347354888916,
          0.08464078605175018
        ],
        [
          -0.6261943578720093,
          0.48513129353523254,
          0.6103506088256836,
          0.46862882375717163
        ],
        [
          0.7783425450325012,
          0.43458786606788635,
          0.45311903953552246,
          1.3720821142196655
        ],
        [
          0.0,
          0.0,
          0.0,
          1.0
        ]
      ],
      "current_basis": [
        [
          -0.0644354522228241,
          -1.5665359853755945e-07,
          -0.9979220032691956,
          0.0
        ],
        [
          8.235013524426904e-07,
          1.0,
          -2.101529048559314e-07,
          0.0
        ],
        [
          0.9979220032691956,
          -8.353313205589075e-07,
          -0.0644354522228241,
          0.0
        ],
        [
          0.0,
          0.0,
          0.0,
          1.0
        ]
      ]
    },
    "LeftHand": {
      "desired_rows": [
        [
          0.6005415320396423,
          0.68626868724823,
          -0.4103477895259857,
          -0.6871735453605652
        ],
        [
          0.4200971722602844,
          -0.7074586153030396,
          -0.5683496594429016,
          -0.6388042569160461
        ],
        [
          -0.6803448796272278,
          0.16893164813518524,
          -0.7131577730178833,
          1.2099583148956299
        ],
        [
          0.0,
          0.0,
          0.0,
          1.0
        ]
      ],
      "basis_rows": [
        [
          -0.8198854327201843,
          0.5433170199394226,
          -0.18054157495498657,
          0.6023433208465576
        ],
        [
          0.36382538080215454,
          0.25094735622406006,
          -0.897026777267456,
          -1.1933623552322388
        ],
        [
          -0.44206324219703674,
          -0.8011444211006165,
          -0.40342065691947937,
          -0.24790939688682556
        ],
        [
          0.0,
          0.0,
          0.0,
          1.0
        ]
      ],
      "current_matrix": [
        [
          0.4148368537425995,
          0.8188471794128418,
          -0.3967360556125641,
          0.13851577043533325
        ],
        [
          -0.2823353111743927,
          0.5303425192832947,
          0.7993893027305603,
          0.5030730962753296
        ],
        [
          0.8649842739105225,
          -0.2196035385131836,
          0.45119526982307434,
          1.402937889099121
        ],
        [
          0.0,
          0.0,
          0.0,
          1.0
        ]
      ],
      "current_basis": [
        [
          0.8312050104141235,
          -0.5402234196662903,
          -0.13136574625968933,
          0.0
        ],
        [
          0.5537207126617432,
          0.7831922769546509,
          0.28284862637519836,
          0.0
        ],
        [
          -0.04991678521037102,
          -0.3078451156616211,
          0.9501261711120605,
          0.0
        ],
        [
          0.0,
          0.0,
          0.0,
          1.0
        ]
      ]
    }
  }
}