{
  "file": "P:\\Animation_Weapon\\Weapon_template_dayz_arm_fk_controls_v15_green_mirrored.blend",
  "pairs": [
    {
      "left": "FK_LeftArm.L",
      "right": "FK_RightArm.R",
      "left_world_loc": [
        -0.04805061221122742,
        0.13106480240821838,
        1.4355953931808472
      ],
      "right_world_loc": [
        0.19592222571372986,
        -0.028126558288931847,
        1.4040647745132446
      ],
      "left_shape": "WGT_DAT_FK_Joint_Ring",
      "right_shape": "WGT_DAT_FK_Joint_Ring",
      "left_scale": [
        1.0,
        1.0,
        1.0
      ],
      "right_scale": [
        1.0,
        1.0,
        1.0
      ],
      "left_translation": [
        0.0,
        0.05000000074505806,
        -0.019999999552965164
      ],
      "right_translation": [
        0.0,
        0.05000000074505806,
        -0.019999999552965164
      ],
      "left_rotation": [
        1.5707963705062866,
        0.0,
        0.0
      ],
      "right_rotation": [
        1.5707963705062866,
        0.0,
        0.0
      ],
      "left_bone_matrix_world": [
        [
          0.4290221929550171,
          -0.07871463149785995,
          0.8998576998710632,
          -0.04805061221122742
        ],
        [
          -0.47196486592292786,
          0.8298662304878235,
          0.29760926961898804,
          0.13106480240821838
        ],
        [
          -0.7701877355575562,
          -0.5523821711540222,
          0.3188804090023041,
          1.4355953931808472
        ],
        [
          0.0,
          0.0,
          0.0,
          1.0
        ]
      ],
      "right_bone_matrix_world": [
        [
          0.6254485845565796,
          -0.7738156914710999,
          -0.10011551529169083,
          0.19592222571372986
        ],
        [
          -0.4056008458137512,
          -0.21282453835010529,
          -0.888928234577179,
          -0.028126558288931847
        ],
        [
          0.6665595173835754,
          0.5965858697891235,
          -0.44697096943855286,
          1.4040647745132446
        ],
        [
          0.0,
          0.0,
          0.0,
          1.0
        ]
      ]
    },
    {
      "left": "FK_LeftArmRoll.L",
      "right": "FK_RightArmRoll.R",
      "left_world_loc": [
        -0.06379349529743195,
        0.2970380187034607,
        1.325118899345398
      ],
      "right_world_loc": [
        0.3506854772567749,
        0.014438353478908539,
        1.2847477197647095
      ],
      "left_shape": "WGT_DAT_FK_Roll_Ring",
      "right_shape": "WGT_DAT_FK_Roll_Ring",
      "left_scale": [
        1.100000023841858,
        1.100000023841858,
        1.100000023841858
      ],
      "right_scale": [
        1.100000023841858,
        1.100000023841858,
        1.100000023841858
      ],
      "left_translation": [
        0.009999999776482582,
        0.0,
        -0.009999999776482582
      ],
      "right_translation": [
        0.009999999776482582,
        0.0,
        -0.009999999776482582
      ],
      "left_rotation": [
        1.5707963705062866,
        0.0,
        0.0
      ],
      "right_rotation": [
        1.5707963705062866,
        0.0,
        0.0
      ],
      "left_bone_matrix_world": [
        [
          0.6337940692901611,
          -0.0787137821316719,
          0.7694864273071289,
          -0.06379349529743195
        ],
        [
          -0.3860417604446411,
          0.8298664093017578,
          0.4028569757938385,
          0.2970380187034607
        ],
        [
          -0.670281171798706,
          -0.5523821711540222,
          0.4955775737762451,
          1.325118899345398
        ],
        [
          0.0,
          0.0,
          0.0,
          1.0
        ]
      ],
      "right_bone_matrix_world": [
        [
          0.5875931978225708,
          -0.7738285660743713,
          0.2364814281463623,
          0.3506854772567749
        ],
        [
          0.1104668527841568,
          -0.212803915143013,
          -0.9708302021026611,
          0.014438353478908539
        ],
        [
          0.8015803694725037,
          0.5965765118598938,
          -0.039559658616781235,
          1.2847477197647095
        ],
        [
          0.0,
          0.0,
          0.0,
          1.0
        ]
      ]
    },
    {
      "left": "FK_LeftForeArm.L",
      "right": "FK_RightForeArm.R",
      "left_world_loc": [
        -0.07087772339582443,
        0.37172576785087585,
        1.275404691696167
      ],
      "right_world_loc": [
        0.4203302264213562,
        0.03359068185091019,
        1.2310558557510376
      ],
      "left_shape": "WGT_DAT_FK_Joint_Ring",
      "right_shape": "WGT_DAT_FK_Joint_Ring",
      "left_scale": [
        0.699999988079071,
        0.699999988079071,
        0.699999988079071
      ],
      "right_scale": [
        0.699999988079071,
        0.699999988079071,
        0.699999988079071
      ],
      "left_translation": [
        0.0,
        0.05000000074505806,
        0.0
      ],
      "right_translation": [
        0.0,
        0.05000000074505806,
        0.0
      ],
      "left_rotation": [
        1.5707963705062866,
        0.0,
        0.0
      ],
      "right_rotation": [
        1.5707963705062866,
        0.0,
        0.0
      ],
      "left_bone_matrix_world": [
        [
          0.6544643640518188,
          0.7560451030731201,
          -0.008505801670253277,
          -0.07087772339582443
        ],
        [
          -0.5771138668060303,
          0.49224284291267395,
          -0.6516416668891907,
          0.37172576785087585
        ],
        [
          -0.4884834885597229,
          0.43138501048088074,
          0.7584793567657471,
          1.275404691696167
        ],
        [
          0.0,
          0.0,
          0.0,
          1.0
        ]
      ],
      "right_bone_matrix_world": [
        [
          0.6190972924232483,
          0.6803600192070007,
          0.3922099173069,
          0.4203302264213562
        ],
        [
          0.17000029981136322,
          -0.6036955714225769,
          0.7788781523704529,
          0.03359068185091019
        ],
        [
          0.7666930556297302,
          -0.4155254364013672,
          -0.4894077777862549,
          1.2310558557510376
        ],
        [
          0.0,
          0.0,
          0.0,
          1.0
        ]
      ]
    },
    {
      "left": "FK_LeftForeArmRoll.L",
      "right": "FK_RightForeArmRoll.R",
      "left_world_loc": [
        0.08335528522729874,
        0.47214317321777344,
        1.3634071350097656
      ],
      "right_world_loc": [
        0.2815369963645935,
        0.15674439072608948,
        1.3158230781555176
      ],
      "left_shape": "WGT_DAT_FK_Roll_Ring",
      "right_shape": "WGT_DAT_FK_Roll_Ring",
      "left_scale": [
        0.6000000238418579,
        0.6000000238418579,
        0.6000000238418579
      ],
      "right_scale": [
        0.6000000238418579,
        0.6000000238418579,
        0.6000000238418579
      ],
      "left_translation": [
        0.0,
        0.0,
        0.0
      ],
      "right_translation": [
        0.0,
        0.0,
        0.0
      ],
      "left_rotation": [
        1.5707963705062866,
        0.0,
        0.0
      ],
      "right_rotation": [
        1.5707963705062866,
        0.0,
        0.0
      ],
      "left_bone_matrix_world": [
        [
          -0.04925530403852463,
          0.756044864654541,
          -0.6526637673377991,
          0.08335528522729874
        ],
        [
          -0.6144281029701233,
          0.4922430217266083,
          0.6165833473205566,
          0.47214317321777344
        ],
        [
          0.7874338626861572,
          0.4313848912715912,
          0.44028958678245544,
          1.3634071350097656
        ],
        [
          0.0,
          0.0,
          0.0,
          1.0
        ]
      ],
      "right_bone_matrix_world": [
        [
          0.7301649451255798,
          0.6803607940673828,
          0.06299328804016113,
          0.2815369963645935
        ],
        [
          0.5096270442008972,
          -0.6036942601203918,
          0.6130523085594177,
          0.15674439072608948
        ],
        [
          0.45512548089027405,
          -0.4155261218547821,
          -0.7875267267227173,
          1.3158230781555176
        ],
        [
          0.0,
          0.0,
          0.0,
          1.0
        ]
      ]
    },
    {
      "left": "FK_LeftHand.L",
      "right": "FK_RightHand.R",
      "left_world_loc": [
        0.13703447580337524,
        0.5070924162864685,
        1.3940354585647583
      ],
      "right_world_loc": [
        0.2332310527563095,
        0.1996069997549057,
        1.3453255891799927
      ],
      "left_shape": "WGT_DAT_FK_Hand_Ring",
      "right_shape": "WGT_DAT_FK_Hand_Ring",
      "left_scale": [
        1.0,
        0.800000011920929,
        1.0
      ],
      "right_scale": [
        1.0,
        0.800000011920929,
        1.0
      ],
      "left_translation": [
        0.009999999776482582,
        0.05999999865889549,
        0.0
      ],
      "right_translation": [
        0.009999999776482582,
        0.05999999865889549,
        0.0
      ],
      "left_rotation": [
        1.5707963705062866,
        0.0,
        1.5707963705062866
      ],
      "right_rotation": [
        1.5707963705062866,
        0.0,
        1.5707963705062866
      ],
      "left_bone_matrix_world": [
        [
          0.41507774591445923,
          0.8168582320213318,
          -0.4005655348300934,
          0.13703447580337524
        ],
        [
          -0.26660022139549255,
          0.5301666855812073,
          0.8048898577690125,
          0.5070924162864685
        ],
        [
          0.8698475360870361,
          -0.22730104625225067,
          0.4378349483013153,
          1.3940354585647583
        ],
        [
          0.0,
          0.0,
          0.0,
          1.0
        ]
      ],
      "right_bone_matrix_world": [
        [
          0.9761768579483032,
          -0.08642476797103882,
          0.19902034103870392,
          0.2332310527563095
        ],
        [
          -0.11715091019868851,
          -0.9819967150688171,
          0.1481817662715912,
          0.1996069997549057
        ],
        [
          0.18263085186481476,
          -0.16796697676181793,
          -0.9687272906303406,
          1.3453255891799927
        ],
        [
          0.0,
          0.0,
          0.0,
          1.0
        ]
      ]
    }
  ]
}