{
  "started_from": "P:\\Animation_Weapon\\Weapon_template_aks74u_refstyle_ikfk_v10.blend",
  "captures": [
    {
      "label": "current_v10",
      "file": "P:\\Animation_Weapon\\Weapon_template_aks74u_refstyle_ikfk_v10.blend",
      "export": "_DayZ_Character",
      "rig": "DAT_DayZ_RefStyleControlsWireV8",
      "bones": {
        "_DayZ_Character:LeftForeArmRoll": {
          "matrix": [
            [
              -0.9760386943817139,
              0.053370121866464615,
              0.21095040440559387,
              0.08335517346858978
            ],
            [
              0.21333429217338562,
              0.043752338737249374,
              0.9759987592697144,
              0.4721429944038391
            ],
            [
              0.04285961389541626,
              0.9976158142089844,
              -0.05408963933587074,
              1.3634071350097656
            ],
            [
              0.0,
              0.0,
              0.0,
              1.0
            ]
          ],
          "quat": [
            0.058360934257507324,
            0.09259942919015884,
            0.720048725605011,
            0.6852366328239441
          ],
          "loc": [
            0.08335517346858978,
            0.4721429944038391,
            1.3634071350097656
          ]
        },
        "_DayZ_Character:LeftHand": {
          "matrix": [
            [
              -0.39391565322875977,
              0.8631801009178162,
              0.31583282351493835,
              0.0871443822979927
            ],
            [
              0.4481288194656372,
              -0.11965000629425049,
              0.8859254121780396,
              0.47524943947792053
            ],
            [
              0.8025028109550476,
              0.4905138909816742,
              -0.33968380093574524,
              1.4342379570007324
            ],
            [
              0.0,
              0.0,
              0.0,
              1.0
            ]
          ],
          "quat": [
            0.19154004752635956,
            -0.5160955190658569,
            -0.6352065801620483,
            -0.5417291522026062
          ],
          "loc": [
            0.0871443822979927,
            0.47524943947792053,
            1.4342379570007324
          ]
        },
        "_DayZ_Character:RightHand": {
          "matrix": [
            [
              0.9761770963668823,
              -0.08642476797103882,
              0.19902028143405914,
              0.23323103785514832
            ],
            [
              -0.11715082079172134,
              -0.9819970726966858,
              0.14818137884140015,
              0.19960695505142212
            ],
            [
              0.1826307475566864,
              -0.16796664893627167,
              -0.9687277674674988,
              1.3453254699707031
            ],
            [
              0.0,
              0.0,
              0.0,
              1.0
            ]
          ],
          "quat": [
            0.07976923137903214,
            -0.990820586681366,
            0.05136540159583092,
            -0.09629669785499573
          ],
          "loc": [
            0.23323103785514832,
            0.19960695505142212,
            1.3453254699707031
          ]
        },
        "DAT_DayZ_RefStyleControlsWireV8:CTRL_Hand.L": {
          "matrix": [
            [
              0.41507774591445923,
              0.8168584704399109,
              -0.40056565403938293,
              0.13703444600105286
            ],
            [
              -0.2666001319885254,
              0.5301666855812073,
              0.8048899173736572,
              0.5070923566818237
            ],
            [
              0.8698475956916809,
              -0.22730115056037903,
              0.43783485889434814,
              1.3940355777740479
            ],
            [
              0.0,
              0.0,
              0.0,
              1.0
            ]
          ],
          "quat": [
            0.7718612551689148,
            -0.3343188464641571,
            -0.4114772379398346,
            -0.35092395544052124
          ],
          "loc": [
            0.13703444600105286,
            0.5070923566818237,
            1.3940355777740479
          ]
        },
        "DAT_DayZ_RefStyleControlsWireV8:OUT_Hand.L": {
          "matrix": [
            [
              -0.393915593624115,
              0.8631801605224609,
              0.3158332407474518,
              0.049734652042388916
            ],
            [
              0.4481287896633148,
              -0.11965034902095795,
              0.8859251737594604,
              1.8614468574523926
            ],
            [
              0.8025028109550476,
              0.4905140995979309,
              -0.3396838307380676,
              2.008329153060913
            ],
            [
              0.0,
              0.0,
              0.0,
              1.0
            ]
          ],
          "quat": [
            0.1915399134159088,
            -0.5160955190658569,
            -0.6352065205574036,
            -0.5417291522026062
          ],
          "loc": [
            0.049734652042388916,
            1.8614468574523926,
            2.008329153060913
          ]
        },
        "DAT_DayZ_RefStyleControlsWireV8:OUT_ForeArmRoll.L": {
          "matrix": [
            [
              -0.9760386943817139,
              0.053370118141174316,
              0.21095010638237,
              -0.453635036945343
            ],
            [
              0.21333420276641846,
              0.04375235736370087,
              0.9759985208511353,
              1.4939899444580078
            ],
            [
              0.042859792709350586,
              0.9976158142089844,
              -0.05408991873264313,
              2.233013391494751
            ],
            [
              0.0,
              0.0,
              0.0,
              1.0
            ]
          ],
          "quat": [
            0.058360788971185684,
            0.09259939193725586,
            0.7200487852096558,
            0.6852366328239441
          ],
          "loc": [
            -0.453635036945343,
            1.4939899444580078,
            2.233013391494751
          ]
        }
      },
      "angle_LeftForeArmRoll_to_LeftHand_deg": 299.81200056116677
    },
    {
      "label": "Weapon_template_aks74u_refbake_controlrig_v1.blend",
      "file": "P:\\Animation_Weapon\\Weapon_template_aks74u_refbake_controlrig_v1.blend",
      "export": "_DayZ_Character",
      "rig": null,
      "bones": {
        "_DayZ_Character:LeftForeArmRoll": {
          "matrix": [
            [
              -0.049254924058914185,
              0.7560449838638306,
              -0.6526637673377991,
              0.08335521817207336
            ],
            [
              -0.6144278049468994,
              0.49224328994750977,
              0.6165832281112671,
              0.47214311361312866
            ],
            [
              0.7874341607093811,
              0.4313845634460449,
              0.4402894973754883,
              1.3634071350097656
            ],
            [
              0.0,
              0.0,
              0.0,
              1.0
            ]
          ],
          "quat": [
            0.6861628890037537,
            -0.06747625023126602,
            -0.5246924757957458,
            -0.49932488799095154
          ],
          "loc": [
            0.08335521817207336,
            0.47214311361312866,
            1.3634071350097656
          ]
        },
        "_DayZ_Character:LeftHand": {
          "matrix": [
            [
              0.41507816314697266,
              0.8168582916259766,
              -0.400565505027771,
              0.13703444600105286
            ],
            [
              -0.266600102186203,
              0.5301666855812073,
              0.8048896789550781,
              0.5070923566818237
            ],
            [
              0.8698474764823914,
              -0.22730128467082977,
              0.4378350079059601,
              1.3940355777740479
            ],
            [
              0.0,
              0.0,
              0.0,
              1.0
            ]
          ],
          "quat": [
            0.7718613743782043,
            -0.3343188166618347,
            -0.41147705912590027,
            -0.35092389583587646
          ],
          "loc": [
            0.13703444600105286,
            0.5070923566818237,
            1.3940355777740479
          ]
        },
        "_DayZ_Character:RightHand": {
          "matrix": [
            [
              0.976177453994751,
              -0.0864247977733612,
              0.1990201771259308,
              0.23323103785514832
            ],
            [
              -0.11715084314346313,
              -0.981997013092041,
              0.14818143844604492,
              0.19960705935955048
            ],
            [
              0.18263089656829834,
              -0.16796666383743286,
              -0.968727707862854,
              1.3453255891799927
            ],
            [
              0.0,
              0.0,
              0.0,
              1.0
            ]
          ],
          "quat": [
            0.07976926118135452,
            -0.990820586681366,
            0.05136540159583092,
            -0.09629670530557632
          ],
          "loc": [
            0.23323103785514832,
            0.19960705935955048,
            1.3453255891799927
          ]
        }
      },
      "angle_LeftForeArmRoll_to_LeftHand_deg": 38.771538087726114,
      "delta_current_left_hand_to_base_deg": 78.9573078242384
    },
    {
      "label": "Weapon_template_aks74u_refstyle_controls_wire_v8.blend",
      "file": "P:\\Animation_Weapon\\Weapon_template_aks74u_refstyle_controls_wire_v8.blend",
      "export": "_DayZ_Character",
      "rig": "DAT_DayZ_RefStyleControlsWireV8",
      "bones": {
        "_DayZ_Character:LeftForeArmRoll": {
          "matrix": [
            [
              -0.04925493896007538,
              0.7560450434684753,
              -0.6526634693145752,
              0.08335518836975098
            ],
            [
              -0.6144281029701233,
              0.4922429919242859,
              0.6165831685066223,
              0.4721429944038391
            ],
            [
              0.7874338030815125,
              0.4313846826553345,
              0.44028982520103455,
              1.3634071350097656
            ],
            [
              0.0,
              0.0,
              0.0,
              1.0
            ]
          ],
          "quat": [
            0.6861628890037537,
            -0.06747618317604065,
            -0.5246922969818115,
            -0.4993250072002411
          ],
          "loc": [
            0.08335518836975098,
            0.4721429944038391,
            1.3634071350097656
          ]
        },
        "_DayZ_Character:LeftHand": {
          "matrix": [
            [
              0.4150780141353607,
              0.8168581128120422,
              -0.400565505027771,
              0.13703441619873047
            ],
            [
              -0.2666000723838806,
              0.5301666259765625,
              0.8048896789550781,
              0.5070922374725342
            ],
            [
              0.8698474168777466,
              -0.22730125486850739,
              0.4378349184989929,
              1.3940355777740479
            ],
            [
              0.0,
              0.0,
              0.0,
              1.0
            ]
          ],
          "quat": [
            0.7718613743782043,
            -0.3343188166618347,
            -0.41147711873054504,
            -0.35092389583587646
          ],
          "loc": [
            0.13703441619873047,
            0.5070922374725342,
            1.3940355777740479
          ]
        },
        "_DayZ_Character:RightHand": {
          "matrix": [
            [
              0.9761770963668823,
              -0.08642476797103882,
              0.19902028143405914,
              0.23323103785514832
            ],
            [
              -0.11715082079172134,
              -0.9819970726966858,
              0.14818137884140015,
              0.19960695505142212
            ],
            [
              0.1826307475566864,
              -0.16796664893627167,
              -0.9687277674674988,
              1.3453254699707031
            ],
            [
              0.0,
              0.0,
              0.0,
              1.0
            ]
          ],
          "quat": [
            0.07976923137903214,
            -0.990820586681366,
            0.05136540159583092,
            -0.09629669785499573
          ],
          "loc": [
            0.23323103785514832,
            0.19960695505142212,
            1.3453254699707031
          ]
        },
        "DAT_DayZ_RefStyleControlsWireV8:CTRL_Hand.L": {
          "matrix": [
            [
              0.41507774591445923,
              0.8168584704399109,
              -0.40056565403938293,
              0.13703444600105286
            ],
            [
              -0.2666001319885254,
              0.5301666855812073,
              0.8048899173736572,
              0.5070923566818237
            ],
            [
              0.8698475956916809,
              -0.22730115056037903,
              0.43783485889434814,
              1.3940355777740479
            ],
            [
              0.0,
              0.0,
              0.0,
              1.0
            ]
          ],
          "quat": [
            0.7718612551689148,
            -0.3343188464641571,
            -0.4114772379398346,
            -0.35092395544052124
          ],
          "loc": [
            0.13703444600105286,
            0.5070923566818237,
            1.3940355777740479
          ]
        },
        "DAT_DayZ_RefStyleControlsWireV8:OUT_Hand.L": {
          "matrix": [
            [
              0.4150781035423279,
              0.8168582916259766,
              -0.4005654454231262,
              0.13703444600105286
            ],
            [
              -0.2666001319885254,
              0.5301666855812073,
              0.8048896193504333,
              0.507092297077179
            ],
            [
              0.8698474764823914,
              -0.22730131447315216,
              0.4378349483013153,
              1.3940355777740479
            ],
            [
              0.0,
              0.0,
              0.0,
              1.0
            ]
          ],
          "quat": [
            0.7718613743782043,
            -0.3343188762664795,
            -0.41147705912590027,
            -0.35092389583587646
          ],
          "loc": [
            0.13703444600105286,
            0.507092297077179,
            1.3940355777740479
          ]
        },
        "DAT_DayZ_RefStyleControlsWireV8:OUT_ForeArmRoll.L": {
          "matrix": [
            [
              -0.04925450682640076,
              0.7560449838638306,
              -0.6526635885238647,
              0.08335531502962112
            ],
            [
              -0.614427924156189,
              0.4922429025173187,
              0.6165832281112671,
              0.47214311361312866
            ],
            [
              0.7874342203140259,
              0.4313846230506897,
              0.44028979539871216,
              1.3634071350097656
            ],
            [
              0.0,
              0.0,
              0.0,
              1.0
            ]
          ],
          "quat": [
            0.6861629486083984,
            -0.06747619807720184,
            -0.5246923565864563,
            -0.49932488799095154
          ],
          "loc": [
            0.08335531502962112,
            0.47214311361312866,
            1.3634071350097656
          ]
        }
      },
      "angle_LeftForeArmRoll_to_LeftHand_deg": 38.771538087726114,
      "delta_current_left_hand_to_base_deg": 78.95730099404922
    },
    {
      "label": "Weapon_template_aks74u_refstyle_rotation_follow_v3.blend",
      "file": "P:\\Animation_Weapon\\Weapon_template_aks74u_refstyle_rotation_follow_v3.blend",
      "export": "_DayZ_Character",
      "rig": "DAT_DayZ_RefStyleRotationFollow",
      "bones": {
        "_DayZ_Character:LeftForeArmRoll": {
          "matrix": [
            [
              -0.04925493896007538,
              0.7560450434684753,
              -0.6526634693145752,
              0.08335518836975098
            ],
            [
              -0.6144281029701233,
              0.4922429919242859,
              0.6165831685066223,
              0.4721429944038391
            ],
            [
              0.7874338030815125,
              0.4313846826553345,
              0.44028982520103455,
              1.3634071350097656
            ],
            [
              0.0,
              0.0,
              0.0,
              1.0
            ]
          ],
          "quat": [
            0.6861628890037537,
            -0.06747618317604065,
            -0.5246922969818115,
            -0.4993250072002411
          ],
          "loc": [
            0.08335518836975098,
            0.4721429944038391,
            1.3634071350097656
          ]
        },
        "_DayZ_Character:LeftHand": {
          "matrix": [
            [
              0.4150780141353607,
              0.8168581128120422,
              -0.400565505027771,
              0.13703441619873047
            ],
            [
              -0.2666000723838806,
              0.5301666259765625,
              0.8048896789550781,
              0.5070922374725342
            ],
            [
              0.8698474168777466,
              -0.22730125486850739,
              0.4378349184989929,
              1.3940355777740479
            ],
            [
              0.0,
              0.0,
              0.0,
              1.0
            ]
          ],
          "quat": [
            0.7718613743782043,
            -0.3343188166618347,
            -0.41147711873054504,
            -0.35092389583587646
          ],
          "loc": [
            0.13703441619873047,
            0.5070922374725342,
            1.3940355777740479
          ]
        },
        "_DayZ_Character:RightHand": {
          "matrix": [
            [
              0.9761770963668823,
              -0.08642476797103882,
              0.19902028143405914,
              0.23323103785514832
            ],
            [
              -0.11715082079172134,
              -0.9819970726966858,
              0.14818137884140015,
              0.19960695505142212
            ],
            [
              0.1826307475566864,
              -0.16796664893627167,
              -0.9687277674674988,
              1.3453254699707031
            ],
            [
              0.0,
              0.0,
              0.0,
              1.0
            ]
          ],
          "quat": [
            0.07976923137903214,
            -0.990820586681366,
            0.05136540159583092,
            -0.09629669785499573
          ],
          "loc": [
            0.23323103785514832,
            0.19960695505142212,
            1.3453254699707031
          ]
        },
        "DAT_DayZ_RefStyleRotationFollow:CTRL_Hand.L": {
          "matrix": [
            [
              0.41507774591445923,
              0.8168584704399109,
              -0.40056565403938293,
              0.13703444600105286
            ],
            [
              -0.2666001319885254,
              0.5301666855812073,
              0.8048899173736572,
              0.5070923566818237
            ],
            [
              0.8698475956916809,
              -0.22730115056037903,
              0.43783485889434814,
              1.3940355777740479
            ],
            [
              0.0,
              0.0,
              0.0,
              1.0
            ]
          ],
          "quat": [
            0.7718612551689148,
            -0.3343188464641571,
            -0.4114772379398346,
            -0.35092395544052124
          ],
          "loc": [
            0.13703444600105286,
            0.5070923566818237,
            1.3940355777740479
          ]
        },
        "DAT_DayZ_RefStyleRotationFollow:OUT_Hand.L": {
          "matrix": [
            [
              0.4150781035423279,
              0.8168582916259766,
              -0.4005654454231262,
              0.13703444600105286
            ],
            [
              -0.2666001319885254,
              0.5301666855812073,
              0.8048896193504333,
              0.507092297077179
            ],
            [
              0.8698474764823914,
              -0.22730131447315216,
              0.4378349483013153,
              1.3940355777740479
            ],
            [
              0.0,
              0.0,
              0.0,
              1.0
            ]
          ],
          "quat": [
            0.7718613743782043,
            -0.3343188762664795,
            -0.41147705912590027,
            -0.35092389583587646
          ],
          "loc": [
            0.13703444600105286,
            0.507092297077179,
            1.3940355777740479
          ]
        },
        "DAT_DayZ_RefStyleRotationFollow:OUT_ForeArmRoll.L": {
          "matrix": [
            [
              -0.04925450682640076,
              0.7560449838638306,
              -0.6526635885238647,
              0.08335531502962112
            ],
            [
              -0.614427924156189,
              0.4922429025173187,
              0.6165832281112671,
              0.47214311361312866
            ],
            [
              0.7874342203140259,
              0.4313846230506897,
              0.44028979539871216,
              1.3634071350097656
            ],
            [
              0.0,
              0.0,
              0.0,
              1.0
            ]
          ],
          "quat": [
            0.6861629486083984,
            -0.06747619807720184,
            -0.5246923565864563,
            -0.49932488799095154
          ],
          "loc": [
            0.08335531502962112,
            0.47214311361312866,
            1.3634071350097656
          ]
        }
      },
      "angle_LeftForeArmRoll_to_LeftHand_deg": 38.771538087726114,
      "delta_current_left_hand_to_base_deg": 78.95730099404922
    }
  ]
}