{
  "file": "P:\\Animation_Weapon\\Weapon_template_aks74u_refstyle_controls_wire_v8.blend",
  "rig": "DAT_DayZ_RefStyleControlsWireV8",
  "export": {
    "LeftArm": {
      "matrix": [
        [
          0.42902231216430664,
          -0.07871504873037338,
          0.8998576402664185,
          -0.04805056005716324
        ],
        [
          -0.47196441888809204,
          0.8298661708831787,
          0.2976096272468567,
          0.1310647428035736
        ],
        [
          -0.7701877355575562,
          -0.5523819923400879,
          0.31888049840927124,
          1.4355952739715576
        ],
        [
          0.0,
          0.0,
          0.0,
          1.0
        ]
      ],
      "matrix_basis": [
        [
          0.9362816214561462,
          0.11402962356805801,
          -0.3322257101535797,
          0.0
        ],
        [
          -0.3465476334095001,
          0.45413634181022644,
          -0.8207709193229675,
          0.0
        ],
        [
          0.05728355795145035,
          0.8836047649383545,
          0.46471622586250305,
          0.0
        ],
        [
          0.0,
          0.0,
          0.0,
          1.0
        ]
      ],
      "world_loc": [
        -0.04805056005716324,
        0.1310647428035736,
        1.4355952739715576
      ],
      "constraints": [
        {
          "name": "DAT_REFWIRE8_ROT_LeftArm",
          "type": "COPY_ROTATION",
          "target": "DAT_DayZ_RefStyleControlsWireV8",
          "subtarget": "OUT_Arm.L",
          "influence": 1.0,
          "target_space": "WORLD",
          "owner_space": "WORLD",
          "mix_mode": "REPLACE"
        }
      ]
    },
    "LeftArmRoll": {
      "matrix": [
        [
          0.6337941884994507,
          -0.0787140429019928,
          0.769486129283905,
          -0.0637935921549797
        ],
        [
          -0.3860414922237396,
          0.8298661112785339,
          0.40285724401474,
          0.2970379590988159
        ],
        [
          -0.6702809929847717,
          -0.5523821711540222,
          0.4955776035785675,
          1.325118899345398
        ],
        [
          0.0,
          0.0,
          0.0,
          1.0
        ]
      ],
      "matrix_basis": [
        [
          0.9703521728515625,
          7.623289093316998e-07,
          -0.24169538915157318,
          0.0
        ],
        [
          -8.767991062086367e-07,
          1.0,
          -3.6605996456273715e-07,
          0.0
        ],
        [
          0.24169538915157318,
          5.6712536888881e-07,
          0.9703521728515625,
          0.0
        ],
        [
          0.0,
          0.0,
          0.0,
          1.0
        ]
      ],
      "world_loc": [
        -0.0637935921549797,
        0.2970379590988159,
        1.325118899345398
      ],
      "constraints": [
        {
          "name": "DAT_REFWIRE8_ROT_LeftArmRoll",
          "type": "COPY_ROTATION",
          "target": "DAT_DayZ_RefStyleControlsWireV8",
          "subtarget": "OUT_ArmRoll.L",
          "influence": 1.0,
          "target_space": "WORLD",
          "owner_space": "WORLD",
          "mix_mode": "REPLACE"
        }
      ]
    },
    "LeftForeArm": {
      "matrix": [
        [
          0.549946665763855,
          0.2624412477016449,
          0.7928953766822815,
          -0.07087785005569458
        ],
        [
          -0.45841458439826965,
          0.88841712474823,
          0.02389523573219776,
          0.3717257082462311
        ],
        [
          -0.6981505751609802,
          -0.3766160309314728,
          0.608889102935791,
          1.275404691696167
        ],
        [
          0.0,
          0.0,
          0.0,
          1.0
        ]
      ],
      "matrix_basis": [
        [
          0.9650066494941711,
          -1.3949180583949783e-06,
          -0.262225478887558,
          0.0
        ],
        [
          -0.2448064237833023,
          0.35838431119918823,
          -0.9009054899215698,
          0.0
        ],
        [
          0.09397877007722855,
          0.9335741996765137,
          0.3458428978919983,
          0.0
        ],
        [
          0.0,
          0.0,
          0.0,
          1.0
        ]
      ],
      "world_loc": [
        -0.07087785005569458,
        0.3717257082462311,
        1.275404691696167
      ],
      "constraints": [
        {
          "name": "DAT_REFWIRE8_ROT_LeftForeArm",
          "type": "COPY_ROTATION",
          "target": "DAT_DayZ_RefStyleControlsWireV8",
          "subtarget": "OUT_ForeArm.L",
          "influence": 1.0,
          "target_space": "WORLD",
          "owner_space": "WORLD",
          "mix_mode": "REPLACE"
        }
      ]
    },
    "LeftForeArmRoll": {
      "matrix": [
        [
          -0.04925493896007538,
          0.7560450434684753,
          -0.6526634693145752,
          -0.01733989268541336
        ],
        [
          -0.6144281029701233,
          0.4922429919242859,
          0.6165831685066223,
          0.5529625415802002
        ],
        [
          0.7874338030815125,
          0.4313846826553345,
          0.44028982520103455,
          1.1985751390457153
        ],
        [
          0.0,
          0.0,
          0.0,
          1.0
        ]
      ],
      "matrix_basis": [
        [
          -0.062289319932460785,
          -1.557107225380605e-07,
          -0.9980581402778625,
          0.0
        ],
        [
          8.225548526752391e-07,
          1.0,
          -2.0734975691993895e-07,
          0.0
        ],
        [
          0.9980581402778625,
          -8.338732300217089e-07,
          -0.062289319932460785,
          0.0
        ],
        [
          0.0,
          0.0,
          0.0,
          1.0
        ]
      ],
      "world_loc": [
        -0.01733989268541336,
        0.5529625415802002,
        1.1985751390457153
      ],
      "constraints": [
        {
          "name": "DAT_REFWIRE8_ROT_LeftForeArmRoll",
          "type": "COPY_ROTATION",
          "target": "DAT_DayZ_RefStyleControlsWireV8",
          "subtarget": "OUT_ForeArmRoll.L",
          "influence": 1.0,
          "target_space": "WORLD",
          "owner_space": "WORLD",
          "mix_mode": "REPLACE"
        }
      ]
    },
    "LeftHand": {
      "matrix": [
        [
          0.4150780141353607,
          0.8168581128120422,
          -0.400565505027771,
          0.03633933514356613
        ],
        [
          -0.2666000723838806,
          0.5301666259765625,
          0.8048896789550781,
          0.5879117846488953
        ],
        [
          0.8698474168777466,
          -0.22730125486850739,
          0.4378349184989929,
          1.2292035818099976
        ],
        [
          0.0,
          0.0,
          0.0,
          1.0
        ]
      ],
      "matrix_basis": [
        [
          0.8283094167709351,
          -0.5449681878089905,
          -0.13005053997039795,
          0.0
        ],
        [
          0.5578242540359497,
          0.7804982662200928,
          0.2822313606739044,
          0.0
        ],
        [
          -0.05230289697647095,
          -0.3063202500343323,
          0.9504905343055725,
          0.0
        ],
        [
          0.0,
          0.0,
          0.0,
          1.0
        ]
      ],
      "world_loc": [
        0.03633933514356613,
        0.5879117846488953,
        1.2292035818099976
      ],
      "constraints": [
        {
          "name": "DAT_REFWIRE8_ROT_LeftHand",
          "type": "COPY_ROTATION",
          "target": "DAT_DayZ_RefStyleControlsWireV8",
          "subtarget": "OUT_Hand.L",
          "influence": 1.0,
          "target_space": "WORLD",
          "owner_space": "WORLD",
          "mix_mode": "REPLACE"
        }
      ]
    },
    "RightArm": {
      "matrix": [
        [
          0.6254488229751587,
          -0.7738159894943237,
          -0.10011553019285202,
          0.19592227041721344
        ],
        [
          -0.40560105443000793,
          -0.21282458305358887,
          -0.8889284729957581,
          -0.028126545250415802
        ],
        [
          0.6665600538253784,
          0.5965860486030579,
          -0.44697126746177673,
          1.4040647745132446
        ],
        [
          0.0,
          0.0,
          0.0,
          1.0
        ]
      ],
      "matrix_basis": [
        [
          0.9170910120010376,
          0.04190576821565628,
          -0.3964694142341614,
          0.0
        ],
        [
          -0.34044715762138367,
          0.5998056530952454,
          -0.7241056561470032,
          0.0
        ],
        [
          0.207460418343544,
          0.7990476489067078,
          0.5643430948257446,
          0.0
        ],
        [
          0.0,
          0.0,
          0.0,
          1.0
        ]
      ],
      "world_loc": [
        0.19592227041721344,
        -0.028126545250415802,
        1.4040647745132446
      ],
      "constraints": [
        {
          "name": "DAT_REFWIRE8_ROT_RightArm",
          "type": "COPY_ROTATION",
          "target": "DAT_DayZ_RefStyleControlsWireV8",
          "subtarget": "OUT_Arm.R",
          "influence": 1.0,
          "target_space": "WORLD",
          "owner_space": "WORLD",
          "mix_mode": "REPLACE"
        }
      ]
    },
    "RightArmRoll": {
      "matrix": [
        [
          0.5875932574272156,
          -0.77382892370224,
          0.23648124933242798,
          0.3506854772567749
        ],
        [
          0.11046680063009262,
          -0.21280376613140106,
          -0.970830500125885,
          0.014438342303037643
        ],
        [
          0.8015809655189514,
          0.5965765714645386,
          -0.03955962881445885,
          1.28474760055542
        ],
        [
          0.0,
          0.0,
          0.0,
          1.0
        ]
      ],
      "matrix_basis": [
        [
          0.8570054173469543,
          -2.2459465981228277e-05,
          0.5153074264526367,
          0.0
        ],
        [
          1.2483803402574267e-05,
          1.0,
          2.2822840037406422e-05,
          0.0
        ],
        [
          -0.5153074264526367,
          -1.3126301382726524e-05,
          0.8570054173469543,
          0.0
        ],
        [
          0.0,
          0.0,
          0.0,
          1.0
        ]
      ],
      "world_loc": [
        0.3506854772567749,
        0.014438342303037643,
        1.28474760055542
      ],
      "constraints": [
        {
          "name": "DAT_REFWIRE8_ROT_RightArmRoll",
          "type": "COPY_ROTATION",
          "target": "DAT_DayZ_RefStyleControlsWireV8",
          "subtarget": "OUT_ArmRoll.R",
          "influence": 1.0,
          "target_space": "WORLD",
          "owner_space": "WORLD",
          "mix_mode": "REPLACE"
        }
      ]
    },
    "RightForeArm": {
      "matrix": [
        [
          0.619097888469696,
          0.680359959602356,
          0.3922097682952881,
          0.4203301966190338
        ],
        [
          0.16999994218349457,
          -0.6036956310272217,
          0.7788786292076111,
          0.03359070420265198
        ],
        [
          0.7666932344436646,
          -0.4155263304710388,
          -0.4894076883792877,
          1.231055736541748
        ],
        [
          0.0,
          0.0,
          0.0,
          1.0
        ]
      ],
      "matrix_basis": [
        [
          0.997123122215271,
          8.044195965339895e-06,
          -0.0757988691329956,
          0.0
        ],
        [
          -0.0683613196015358,
          -0.43189579248428345,
          -0.8993291258811951,
          0.0
        ],
        [
          -0.03274444118142128,
          0.9019235968589783,
          -0.4306527376174927,
          0.0
        ],
        [
          0.0,
          0.0,
          0.0,
          1.0
        ]
      ],
      "world_loc": [
        0.4203301966190338,
        0.03359070420265198,
        1.231055736541748
      ],
      "constraints": [
        {
          "name": "DAT_REFWIRE8_ROT_RightForeArm",
          "type": "COPY_ROTATION",
          "target": "DAT_DayZ_RefStyleControlsWireV8",
          "subtarget": "OUT_ForeArm.R",
          "influence": 1.0,
          "target_space": "WORLD",
          "owner_space": "WORLD",
          "mix_mode": "REPLACE"
        }
      ]
    },
    "RightForeArmRoll": {
      "matrix": [
        [
          0.7301649451255798,
          0.6803611516952515,
          0.06299338489770889,
          0.2815369963645935
        ],
        [
          0.5096273422241211,
          -0.6036941409111023,
          0.6130527257919312,
          0.1567443460226059
        ],
        [
          0.4551260471343994,
          -0.41552627086639404,
          -0.7875269055366516,
          1.3158228397369385
        ],
        [
          0.0,
          0.0,
          0.0,
          1.0
        ]
      ],
      "matrix_basis": [
        [
          0.8876214623451233,
          -9.052496352524031e-08,
          -0.4605737328529358,
          0.0
        ],
        [
          -6.418696330001694e-07,
          1.0,
          -1.4335646483232267e-06,
          0.0
        ],
        [
          0.4605737328529358,
          1.5680909655202413e-06,
          0.8876214623451233,
          0.0
        ],
        [
          0.0,
          0.0,
          0.0,
          1.0
        ]
      ],
      "world_loc": [
        0.2815369963645935,
        0.1567443460226059,
        1.3158228397369385
      ],
      "constraints": [
        {
          "name": "DAT_REFWIRE8_ROT_RightForeArmRoll",
          "type": "COPY_ROTATION",
          "target": "DAT_DayZ_RefStyleControlsWireV8",
          "subtarget": "OUT_ForeArmRoll.R",
          "influence": 1.0,
          "target_space": "WORLD",
          "owner_space": "WORLD",
          "mix_mode": "REPLACE"
        }
      ]
    },
    "RightHand": {
      "matrix": [
        [
          0.9761770963668823,
          -0.08642476797103882,
          0.19902028143405914,
          0.23323103785514832
        ],
        [
          -0.11715082079172134,
          -0.9819970726966858,
          0.14818137884140015,
          0.19960695505142212
        ],
        [
          0.1826307475566864,
          -0.16796664893627167,
          -0.9687277674674988,
          1.3453254699707031
        ],
        [
          0.0,
          0.0,
          0.0,
          1.0
        ]
      ],
      "matrix_basis": [
        [
          0.7361869812011719,
          -0.6400023102760315,
          -0.22005866467952728,
          0.0
        ],
        [
          0.658988356590271,
          0.6038205027580261,
          0.4484809935092926,
          0.0
        ],
        [
          -0.15415291488170624,
          -0.4751819670200348,
          0.8662788271903992,
          0.0
        ],
        [
          0.0,
          0.0,
          0.0,
          1.0
        ]
      ],
      "world_loc": [
        0.23323103785514832,
        0.19960695505142212,
        1.3453254699707031
      ],
      "constraints": [
        {
          "name": "DAT_REFWIRE8_ROT_RightHand",
          "type": "COPY_ROTATION",
          "target": "DAT_DayZ_RefStyleControlsWireV8",
          "subtarget": "OUT_Hand.R",
          "influence": 1.0,
          "target_space": "WORLD",
          "owner_space": "WORLD",
          "mix_mode": "REPLACE"
        }
      ]
    }
  },
  "controls": {
    "CTRL_Hand.L": {
      "matrix": [
        [
          0.41507774591445923,
          0.8168584704399109,
          -0.40056565403938293,
          0.13703444600105286
        ],
        [
          -0.2666001319885254,
          0.5301666855812073,
          0.8048899173736572,
          0.5070923566818237
        ],
        [
          0.8698475956916809,
          -0.22730115056037903,
          0.43783485889434814,
          1.3940355777740479
        ],
        [
          0.0,
          0.0,
          0.0,
          1.0
        ]
      ],
      "matrix_basis": [
        [
          1.0,
          0.0,
          0.0,
          0.0
        ],
        [
          0.0,
          1.0,
          0.0,
          0.0
        ],
        [
          0.0,
          0.0,
          1.0,
          0.0
        ],
        [
          0.0,
          0.0,
          0.0,
          1.0
        ]
      ],
      "world_loc": [
        0.13703444600105286,
        0.5070923566818237,
        1.3940355777740479
      ],
      "constraints": [],
      "locks": {
        "loc": [
          false,
          false,
          false
        ],
        "rot": [
          false,
          false,
          false
        ],
        "scale": [
          false,
          false,
          false
        ]
      }
    },
    "CTRL_Elbow.L": {
      "matrix": [
        [
          1.0,
          0.0,
          0.0,
          -0.26677221059799194
        ],
        [
          0.0,
          0.0,
          -1.0,
          0.4611191153526306
        ],
        [
          0.0,
          1.0,
          0.0,
          1.0386892557144165
        ],
        [
          0.0,
          0.0,
          0.0,
          1.0
        ]
      ],
      "matrix_basis": [
        [
          1.0,
          0.0,
          0.0,
          0.0
        ],
        [
          0.0,
          1.0,
          0.0,
          0.0
        ],
        [
          0.0,
          0.0,
          1.0,
          0.0
        ],
        [
          0.0,
          0.0,
          0.0,
          1.0
        ]
      ],
      "world_loc": [
        -0.26677221059799194,
        0.4611191153526306,
        1.0386892557144165
      ],
      "constraints": [],
      "locks": {
        "loc": [
          false,
          false,
          false
        ],
        "rot": [
          false,
          false,
          false
        ],
        "scale": [
          false,
          false,
          false
        ]
      }
    },
    "OUT_Arm.L": {
      "matrix": [
        [
          0.4290224015712738,
          -0.07871478796005249,
          0.8998578786849976,
          -0.04805050417780876
        ],
        [
          -0.4719647467136383,
          0.8298662900924683,
          0.2976093888282776,
          0.13106472790241241
        ],
        [
          -0.7701876163482666,
          -0.5523818731307983,
          0.31888043880462646,
          1.4355952739715576
        ],
        [
          0.0,
          0.0,
          0.0,
          1.0
        ]
      ],
      "matrix_basis": [
        [
          0.7909560203552246,
          0.5995362401008606,
          0.12224840372800827,
          0.0
        ],
        [
          -0.6118723750114441,
          0.7752456665039062,
          0.15686358511447906,
          -2.9802322387695312e-08
        ],
        [
          -0.0007271457579918206,
          -0.1988726407289505,
          0.9800249934196472,
          5.960464477539063e-08
        ],
        [
          0.0,
          0.0,
          0.0,
          1.0
        ]
      ],
      "world_loc": [
        -0.04805050417780876,
        0.13106472790241241,
        1.4355952739715576
      ],
      "constraints": [],
      "locks": {
        "loc": [
          true,
          true,
          true
        ],
        "rot": [
          false,
          false,
          false
        ],
        "scale": [
          true,
          true,
          true
        ]
      }
    },
    "OUT_ArmRoll.L": {
      "matrix": [
        [
          0.6337943077087402,
          -0.07871393859386444,
          0.7694863677024841,
          -0.06379355490207672
        ],
        [
          -0.3860418200492859,
          0.829866349697113,
          0.4028571844100952,
          0.2970379590988159
        ],
        [
          -0.670280933380127,
          -0.5523821115493774,
          0.4955773651599884,
          1.325118899345398
        ],
        [
          0.0,
          0.0,
          0.0,
          1.0
        ]
      ],
      "matrix_basis": [
        [
          0.8305010795593262,
          0.5336949825286865,
          0.15949130058288574,
          0.10673904418945312
        ],
        [
          -0.555818498134613,
          0.775245726108551,
          0.3000997006893158,
          -0.04495081305503845
        ],
        [
          0.03651672229170799,
          -0.3378814160823822,
          0.9404799342155457,
          -0.0675763487815857
        ],
        [
          0.0,
          0.0,
          0.0,
          1.0
        ]
      ],
      "world_loc": [
        -0.06379355490207672,
        0.2970379590988159,
        1.325118899345398
      ],
      "constraints": [],
      "locks": {
        "loc": [
          true,
          true,
          true
        ],
        "rot": [
          false,
          false,
          false
        ],
        "scale": [
          true,
          true,
          true
        ]
      }
    },
    "OUT_ForeArm.L": {
      "matrix": [
        [
          0.5499467849731445,
          0.2624412477016449,
          0.792895495891571,
          -0.07087774574756622
        ],
        [
          -0.45841464400291443,
          0.8884170055389404,
          0.023894937708973885,
          0.3717256784439087
        ],
        [
          -0.6981506943702698,
          -0.3766160011291504,
          0.6088894605636597,
          1.2754048109054565
        ],
        [
          0.0,
          0.0,
          0.0,
          1.0
        ]
      ],
      "matrix_basis": [
        [
          -0.26069414615631104,
          -0.4633301794528961,
          0.8469729423522949,
          -0.1392883062362671
        ],
        [
          0.3942088484764099,
          0.7497510313987732,
          0.5314812660217285,
          0.047379136085510254
        ],
        [
          -0.8812702894210815,
          0.4724384844303131,
          -0.0128068458288908,
          -0.1271122694015503
        ],
        [
          0.0,
          0.0,
          0.0,
          1.0
        ]
      ],
      "world_loc": [
        -0.07087774574756622,
        0.3717256784439087,
        1.2754048109054565
      ],
      "constraints": [],
      "locks": {
        "loc": [
          true,
          true,
          true
        ],
        "rot": [
          false,
          false,
          false
        ],
        "scale": [
          true,
          true,
          true
        ]
      }
    },
    "OUT_ForeArmRoll.L": {
      "matrix": [
        [
          -0.04925450682640076,
          0.7560449838638306,
          -0.6526635885238647,
          0.08335531502962112
        ],
        [
          -0.614427924156189,
          0.4922429025173187,
          0.6165832281112671,
          0.47214311361312866
        ],
        [
          0.7874342203140259,
          0.4313846230506897,
          0.44028979539871216,
          1.3634071350097656
        ],
        [
          0.0,
          0.0,
          0.0,
          1.0
        ]
      ],
      "matrix_basis": [
        [
          -0.2010776847600937,
          0.27540257573127747,
          0.9400641322135925,
          -0.06200718879699707
        ],
        [
          -0.5313982963562012,
          0.7755181193351746,
          -0.3408617675304413,
          0.0015850216150283813
        ],
        [
          -0.8229114413261414,
          -0.5680883526802063,
          -0.009591004811227322,
          0.03104567527770996
        ],
        [
          0.0,
          0.0,
          0.0,
          1.0
        ]
      ],
      "world_loc": [
        0.08335531502962112,
        0.47214311361312866,
        1.3634071350097656
      ],
      "constraints": [],
      "locks": {
        "loc": [
          true,
          true,
          true
        ],
        "rot": [
          false,
          false,
          false
        ],
        "scale": [
          true,
          true,
          true
        ]
      }
    },
    "OUT_Hand.L": {
      "matrix": [
        [
          0.4150781035423279,
          0.8168582916259766,
          -0.4005654454231262,
          0.13703444600105286
        ],
        [
          -0.2666001319885254,
          0.5301666855812073,
          0.8048896193504333,
          0.507092297077179
        ],
        [
          0.8698474764823914,
          -0.22730131447315216,
          0.4378349483013153,
          1.3940355777740479
        ],
        [
          0.0,
          0.0,
          0.0,
          1.0
        ]
      ],
      "matrix_basis": [
        [
          1.0,
          -2.4586910285506747e-07,
          4.1723239974089665e-07,
          0.011759042739868164
        ],
        [
          2.458692165419052e-07,
          0.9999998211860657,
          -1.3783566998881724e-07,
          -0.015970230102539062
        ],
        [
          -4.1723265553628153e-07,
          1.3783585472992854e-07,
          0.9999992847442627,
          -0.04124671220779419
        ],
        [
          0.0,
          0.0,
          0.0,
          1.0
        ]
      ],
      "world_loc": [
        0.13703444600105286,
        0.507092297077179,
        1.3940355777740479
      ],
      "constraints": [],
      "locks": {
        "loc": [
          true,
          true,
          true
        ],
        "rot": [
          false,
          false,
          false
        ],
        "scale": [
          true,
          true,
          true
        ]
      }
    }
  },
  "continuity": {
    "LeftArm->LeftArmRoll": 0.09999990571373121,
    "LeftArmRoll->LeftForeArm": 0.010000320996905766,
    "LeftForeArm->LeftForeArmRoll": 0.10399973524039796,
    "LeftForeArmRoll->LeftHand": 0.028999957364117535
  },
  "relative_angles": {
    "LeftArm->LeftForeArm": 23.83579950511915,
    "LeftForeArm->LeftHand": 104.9985446765034,
    "LeftArmRoll->LeftForeArm": 23.101407320275626,
    "LeftForeArmRoll->LeftHand": 38.771538087726114
  }
}