{
  "file": "P:\\Animation_Weapon\\Weapon_template_aks74u_refstyle_ikfk_v10.blend",
  "rig_props": {
    "IK_FK_L": 1.0,
    "IK_FK_R": 1.0
  },
  "export": {
    "LeftArm": {
      "world_matrix": [
        [
          0.42902231216430664,
          -0.07871504873037338,
          0.8998576402664185,
          -0.04805056005716324
        ],
        [
          -0.47196441888809204,
          0.8298661708831787,
          0.2976096272468567,
          0.1310647428035736
        ],
        [
          -0.7701877355575562,
          -0.5523819923400879,
          0.31888049840927124,
          1.4355952739715576
        ],
        [
          0.0,
          0.0,
          0.0,
          1.0
        ]
      ],
      "basis": {
        "loc": [
          0.0,
          0.0,
          0.0
        ],
        "rot_angle_deg": 64.68674087433146,
        "matrix_basis": [
          [
            0.9362816214561462,
            0.11402962356805801,
            -0.3322257101535797,
            0.0
          ],
          [
            -0.3465476334095001,
            0.45413634181022644,
            -0.8207709193229675,
            0.0
          ],
          [
            0.05728355795145035,
            0.8836047649383545,
            0.46471622586250305,
            0.0
          ],
          [
            0.0,
            0.0,
            0.0,
            1.0
          ]
        ]
      },
      "constraints": [
        {
          "name": "DAT_REFWIRE8_ROT_LeftArm",
          "type": "COPY_ROTATION",
          "target": "DAT_DayZ_RefStyleControlsWireV8",
          "subtarget": "OUT_Arm.L",
          "influence": 1.0,
          "target_space": "WORLD",
          "owner_space": "WORLD",
          "mix_mode": "REPLACE"
        },
        {
          "name": "DAT_IKFK_FK_ROT_LeftArm",
          "type": "COPY_ROTATION",
          "target": "DAT_DayZ_RefStyleControlsWireV8",
          "subtarget": "FK_LeftArm.L",
          "influence": 0.0,
          "target_space": "WORLD",
          "owner_space": "WORLD",
          "mix_mode": "REPLACE"
        }
      ]
    },
    "LeftArmRoll": {
      "world_matrix": [
        [
          0.6337941884994507,
          -0.0787140429019928,
          0.769486129283905,
          -0.0637935921549797
        ],
        [
          -0.3860414922237396,
          0.8298661112785339,
          0.40285724401474,
          0.2970379590988159
        ],
        [
          -0.6702809929847717,
          -0.5523821711540222,
          0.4955776035785675,
          1.325118899345398
        ],
        [
          0.0,
          0.0,
          0.0,
          1.0
        ]
      ],
      "basis": {
        "loc": [
          0.0,
          0.0,
          0.0
        ],
        "rot_angle_deg": 13.98660866535282,
        "matrix_basis": [
          [
            0.9703521728515625,
            7.623289093316998e-07,
            -0.24169538915157318,
            0.0
          ],
          [
            -8.767991062086367e-07,
            1.0,
            -3.6605996456273715e-07,
            0.0
          ],
          [
            0.24169538915157318,
            5.6712536888881e-07,
            0.9703521728515625,
            0.0
          ],
          [
            0.0,
            0.0,
            0.0,
            1.0
          ]
        ]
      },
      "constraints": [
        {
          "name": "DAT_REFWIRE8_ROT_LeftArmRoll",
          "type": "COPY_ROTATION",
          "target": "DAT_DayZ_RefStyleControlsWireV8",
          "subtarget": "OUT_ArmRoll.L",
          "influence": 1.0,
          "target_space": "WORLD",
          "owner_space": "WORLD",
          "mix_mode": "REPLACE"
        },
        {
          "name": "DAT_IKFK_FK_ROT_LeftArmRoll",
          "type": "COPY_ROTATION",
          "target": "DAT_DayZ_RefStyleControlsWireV8",
          "subtarget": "FK_LeftArmRoll.L",
          "influence": 0.0,
          "target_space": "WORLD",
          "owner_space": "WORLD",
          "mix_mode": "REPLACE"
        }
      ]
    },
    "LeftForeArm": {
      "world_matrix": [
        [
          0.6544640064239502,
          0.7560451626777649,
          -0.008505931124091148,
          -0.07087785005569458
        ],
        [
          -0.5771135687828064,
          0.49224233627319336,
          -0.6516419649124146,
          0.3717257082462311
        ],
        [
          -0.48848363757133484,
          0.43138521909713745,
          0.7584789991378784,
          1.275404691696167
        ],
        [
          0.0,
          0.0,
          0.0,
          1.0
        ]
      ],
      "basis": {
        "loc": [
          0.0,
          0.0,
          0.0
        ],
        "rot_angle_deg": 70.45075117528356,
        "matrix_basis": [
          [
            0.9650066494941711,
            -1.3949180583949783e-06,
            -0.262225478887558,
            0.0
          ],
          [
            -0.2448064237833023,
            0.35838431119918823,
            -0.9009054899215698,
            0.0
          ],
          [
            0.09397877007722855,
            0.9335741996765137,
            0.3458428978919983,
            0.0
          ],
          [
            0.0,
            0.0,
            0.0,
            1.0
          ]
        ]
      },
      "constraints": [
        {
          "name": "DAT_REFWIRE8_ROT_LeftForeArm",
          "type": "COPY_ROTATION",
          "target": "DAT_DayZ_RefStyleControlsWireV8",
          "subtarget": "OUT_ForeArm.L",
          "influence": 1.0,
          "target_space": "WORLD",
          "owner_space": "WORLD",
          "mix_mode": "REPLACE"
        },
        {
          "name": "DAT_IKFK_FK_ROT_LeftForeArm",
          "type": "COPY_ROTATION",
          "target": "DAT_DayZ_RefStyleControlsWireV8",
          "subtarget": "FK_LeftForeArm.L",
          "influence": 0.0,
          "target_space": "WORLD",
          "owner_space": "WORLD",
          "mix_mode": "REPLACE"
        }
      ]
    },
    "LeftForeArmRoll": {
      "world_matrix": [
        [
          -0.9760386943817139,
          0.053370121866464615,
          0.21095040440559387,
          0.08335517346858978
        ],
        [
          0.21333429217338562,
          0.043752338737249374,
          0.9759987592697144,
          0.4721429944038391
        ],
        [
          0.04285961389541626,
          0.9976158142089844,
          -0.05408963933587074,
          1.3634071350097656
        ],
        [
          0.0,
          0.0,
          0.0,
          1.0
        ]
      ],
      "basis": {
        "loc": [
          0.0,
          0.0,
          0.0
        ],
        "rot_angle_deg": 93.57122838372186,
        "matrix_basis": [
          [
            -0.062289319932460785,
            -1.557107225380605e-07,
            -0.9980581402778625,
            0.0
          ],
          [
            8.225548526752391e-07,
            1.0,
            -2.0734975691993895e-07,
            0.0
          ],
          [
            0.9980581402778625,
            -8.338732300217089e-07,
            -0.062289319932460785,
            0.0
          ],
          [
            0.0,
            0.0,
            0.0,
            1.0
          ]
        ]
      },
      "constraints": [
        {
          "name": "DAT_REFWIRE8_ROT_LeftForeArmRoll",
          "type": "COPY_ROTATION",
          "target": "DAT_DayZ_RefStyleControlsWireV8",
          "subtarget": "OUT_ForeArmRoll.L",
          "influence": 1.0,
          "target_space": "WORLD",
          "owner_space": "WORLD",
          "mix_mode": "REPLACE"
        },
        {
          "name": "DAT_IKFK_FK_ROT_LeftForeArmRoll",
          "type": "COPY_ROTATION",
          "target": "DAT_DayZ_RefStyleControlsWireV8",
          "subtarget": "FK_LeftForeArmRoll.L",
          "influence": 0.0,
          "target_space": "WORLD",
          "owner_space": "WORLD",
          "mix_mode": "REPLACE"
        }
      ]
    },
    "LeftHand": {
      "world_matrix": [
        [
          -0.39391565322875977,
          0.8631801009178162,
          0.31583282351493835,
          0.0871443822979927
        ],
        [
          0.4481288194656372,
          -0.11965000629425049,
          0.8859254121780396,
          0.47524943947792053
        ],
        [
          0.8025028109550476,
          0.4905138909816742,
          -0.33968380093574524,
          1.4342379570007324
        ],
        [
          0.0,
          0.0,
          0.0,
          1.0
        ]
      ],
      "basis": {
        "loc": [
          0.0,
          0.0,
          0.0
        ],
        "rot_angle_deg": 38.771538087726114,
        "matrix_basis": [
          [
            0.8283094167709351,
            -0.5449681878089905,
            -0.13005053997039795,
            0.0
          ],
          [
            0.5578242540359497,
            0.7804982662200928,
            0.2822313606739044,
            0.0
          ],
          [
            -0.05230289697647095,
            -0.3063202500343323,
            0.9504905343055725,
            0.0
          ],
          [
            0.0,
            0.0,
            0.0,
            1.0
          ]
        ]
      },
      "constraints": [
        {
          "name": "DAT_REFWIRE8_ROT_LeftHand",
          "type": "COPY_ROTATION",
          "target": "DAT_DayZ_RefStyleControlsWireV8",
          "subtarget": "OUT_Hand.L",
          "influence": 1.0,
          "target_space": "WORLD",
          "owner_space": "WORLD",
          "mix_mode": "REPLACE"
        },
        {
          "name": "DAT_IKFK_FK_ROT_LeftHand",
          "type": "COPY_ROTATION",
          "target": "DAT_DayZ_RefStyleControlsWireV8",
          "subtarget": "FK_LeftHand.L",
          "influence": 0.0,
          "target_space": "WORLD",
          "owner_space": "WORLD",
          "mix_mode": "REPLACE"
        }
      ]
    },
    "RightHand": {
      "world_matrix": [
        [
          0.9761770963668823,
          -0.08642476797103882,
          0.19902028143405914,
          0.23323103785514832
        ],
        [
          -0.11715082079172134,
          -0.9819970726966858,
          0.14818137884140015,
          0.19960695505142212
        ],
        [
          0.1826307475566864,
          -0.16796664893627167,
          -0.9687277674674988,
          1.3453254699707031
        ],
        [
          0.0,
          0.0,
          0.0,
          1.0
        ]
      ],
      "basis": {
        "loc": [
          0.0,
          0.0,
          0.0
        ],
        "rot_angle_deg": 52.90464748058654,
        "matrix_basis": [
          [
            0.7361869812011719,
            -0.6400023102760315,
            -0.22005866467952728,
            0.0
          ],
          [
            0.658988356590271,
            0.6038205027580261,
            0.4484809935092926,
            0.0
          ],
          [
            -0.15415291488170624,
            -0.4751819670200348,
            0.8662788271903992,
            0.0
          ],
          [
            0.0,
            0.0,
            0.0,
            1.0
          ]
        ]
      },
      "constraints": [
        {
          "name": "DAT_REFWIRE8_ROT_RightHand",
          "type": "COPY_ROTATION",
          "target": "DAT_DayZ_RefStyleControlsWireV8",
          "subtarget": "OUT_Hand.R",
          "influence": 1.0,
          "target_space": "WORLD",
          "owner_space": "WORLD",
          "mix_mode": "REPLACE"
        },
        {
          "name": "DAT_IKFK_FK_ROT_RightHand",
          "type": "COPY_ROTATION",
          "target": "DAT_DayZ_RefStyleControlsWireV8",
          "subtarget": "FK_RightHand.R",
          "influence": 0.0,
          "target_space": "WORLD",
          "owner_space": "WORLD",
          "mix_mode": "REPLACE"
        }
      ]
    }
  },
  "controls": {
    "CTRL_Hand.L": {
      "basis": {
        "loc": [
          0.0,
          0.0,
          0.0
        ],
        "rot_angle_deg": 0.0,
        "matrix_basis": [
          [
            1.0,
            0.0,
            0.0,
            0.0
          ],
          [
            0.0,
            1.0,
            0.0,
            0.0
          ],
          [
            0.0,
            0.0,
            1.0,
            0.0
          ],
          [
            0.0,
            0.0,
            0.0,
            1.0
          ]
        ]
      },
      "world_matrix": [
        [
          0.41507774591445923,
          0.8168584704399109,
          -0.40056565403938293,
          0.13703444600105286
        ],
        [
          -0.2666001319885254,
          0.5301666855812073,
          0.8048899173736572,
          0.5070923566818237
        ],
        [
          0.8698475956916809,
          -0.22730115056037903,
          0.43783485889434814,
          1.3940355777740479
        ],
        [
          0.0,
          0.0,
          0.0,
          1.0
        ]
      ],
      "constraints": []
    },
    "OUT_Hand.L": {
      "basis": {
        "loc": [
          0.011759042739868164,
          -0.015970230102539062,
          -0.04124671220779419
        ],
        "rot_angle_deg": 0.0,
        "matrix_basis": [
          [
            1.0,
            -2.4586910285506747e-07,
            4.1723239974089665e-07,
            0.011759042739868164
          ],
          [
            2.458692165419052e-07,
            0.9999998211860657,
            -1.3783566998881724e-07,
            -0.015970230102539062
          ],
          [
            -4.1723265553628153e-07,
            1.3783585472992854e-07,
            0.9999992847442627,
            -0.04124671220779419
          ],
          [
            0.0,
            0.0,
            0.0,
            1.0
          ]
        ]
      },
      "world_matrix": [
        [
          -0.393915593624115,
          0.8631801605224609,
          0.3158332407474518,
          0.049734652042388916
        ],
        [
          0.4481287896633148,
          -0.11965034902095795,
          0.8859251737594604,
          1.8614468574523926
        ],
        [
          0.8025028109550476,
          0.4905140995979309,
          -0.3396838307380676,
          2.008329153060913
        ],
        [
          0.0,
          0.0,
          0.0,
          1.0
        ]
      ],
      "constraints": [
        {
          "name": "TEST_CHILD_OUT_ForeArmRoll.L",
          "type": "CHILD_OF",
          "target": "DAT_DayZ_RefStyleControlsWireV8",
          "subtarget": "OUT_ForeArmRoll.L",
          "influence": 1.0,
          "target_space": "WORLD",
          "owner_space": "POSE",
          "mix_mode": null
        }
      ]
    },
    "FK_LeftHand.L": {
      "basis": {
        "loc": [
          0.0,
          0.0,
          0.0
        ],
        "rot_angle_deg": 0.0,
        "matrix_basis": [
          [
            1.0,
            0.0,
            0.0,
            0.0
          ],
          [
            0.0,
            1.0,
            0.0,
            0.0
          ],
          [
            0.0,
            0.0,
            1.0,
            0.0
          ],
          [
            0.0,
            0.0,
            0.0,
            1.0
          ]
        ]
      },
      "world_matrix": [
        [
          0.41507774591445923,
          0.8168584108352661,
          -0.40056562423706055,
          0.13703444600105286
        ],
        [
          -0.2666000723838806,
          0.5301666259765625,
          0.8048900365829468,
          0.5070923566818237
        ],
        [
          0.8698474764823914,
          -0.22730112075805664,
          0.4378349483013153,
          1.3940355777740479
        ],
        [
          0.0,
          0.0,
          0.0,
          1.0
        ]
      ],
      "constraints": []
    },
    "OUT_ForeArm.L": {
      "basis": {
        "loc": [
          -0.1392883062362671,
          0.047379136085510254,
          -0.1271122694015503
        ],
        "rot_angle_deg": 102.56664216214202,
        "matrix_basis": [
          [
            -0.0030507331248372793,
            0.5498311519622803,
            0.83527010679245,
            -0.1392883062362671
          ],
          [
            0.37329980731010437,
            0.7755181789398193,
            -0.5091350674629211,
            0.047379136085510254
          ],
          [
            -0.9277055859565735,
            0.31025296449661255,
            -0.20761780440807343,
            -0.1271122694015503
          ],
          [
            0.0,
            0.0,
            0.0,
            1.0
          ]
        ]
      },
      "world_matrix": [
        [
          0.6544643640518188,
          0.7560452818870544,
          -0.008505493402481079,
          -0.07087774574756622
        ],
        [
          -0.577113687992096,
          0.49224239587783813,
          -0.651641845703125,
          0.3717256784439087
        ],
        [
          -0.4884836971759796,
          0.4313852787017822,
          0.7584794759750366,
          1.2754048109054565
        ],
        [
          0.0,
          0.0,
          0.0,
          1.0
        ]
      ],
      "constraints": []
    },
    "FK_LeftForeArm.L": {
      "basis": {
        "loc": [
          0.0,
          0.0,
          0.0
        ],
        "rot_angle_deg": 0.0,
        "matrix_basis": [
          [
            1.0,
            0.0,
            0.0,
            0.0
          ],
          [
            0.0,
            1.0,
            0.0,
            0.0
          ],
          [
            0.0,
            0.0,
            1.0,
            0.0
          ],
          [
            0.0,
            0.0,
            0.0,
            1.0
          ]
        ]
      },
      "world_matrix": [
        [
          0.6544644832611084,
          0.7560449242591858,
          -0.008505932986736298,
          -0.07087776809930801
        ],
        [
          -0.5771138668060303,
          0.49224281311035156,
          -0.6516416072845459,
          0.37172573804855347
        ],
        [
          -0.4884834289550781,
          0.4313850402832031,
          0.7584792375564575,
          1.275404691696167
        ],
        [
          0.0,
          0.0,
          0.0,
          1.0
        ]
      ],
      "constraints": []
    }
  },
  "angles": {
    "LeftForeArmRoll_to_LeftHand_deg": 299.81200056116677,
    "RightHand_to_LeftHand_deg": 113.78985191195606
  }
}