{
  "file": "C:\\Users\\sysro\\Downloads\\BlenderPoses_arms_ik_enabled.blend",
  "armature": "rig",
  "object_props": {
    "rig_ui": "<bpy_struct, Text(\"rig_ui.py.056\") at 0x000001EB98CEA4B0>",
    "als": [],
    "armaObjProps": [],
    "xray": [
      "version"
    ]
  },
  "bones": {
    "upper_arm_parent.L": {
      "parent": "ORG-shoulder.L",
      "hide": false,
      "head_local": [
        0.17159999907016754,
        0.08020000159740448,
        1.423699975013733
      ],
      "tail_local": [
        0.21934999525547028,
        0.0832500010728836,
        1.370650053024292
      ],
      "matrix_local": [
        [
          0.5715417265892029,
          0.6683939695358276,
          0.47601398825645447,
          0.17159999907016754
        ],
        [
          -0.6683939695358276,
          0.04269322752952576,
          0.7425810694694519,
          0.08020002394914627
        ],
        [
          0.47601422667503357,
          -0.7425810694694519,
          0.4711514413356781,
          1.423699975013733
        ],
        [
          0.0,
          0.0,
          0.0,
          1.0
        ]
      ],
      "matrix": [
        [
          -0.5392241477966309,
          0.43200522661209106,
          0.7229165434837341,
          0.024676406756043434
        ],
        [
          -0.7425985932350159,
          -0.6487876772880554,
          -0.1661984622478485,
          -0.03164578974246979
        ],
        [
          0.3972209393978119,
          -0.6264552474021912,
          0.6706486940383911,
          1.3996403217315674
        ],
        [
          0.0,
          0.0,
          0.0,
          1.0
        ]
      ],
      "matrix_basis": [
        [
          1.0,
          0.0,
          0.0,
          0.0
        ],
        [
          0.0,
          1.0,
          0.0,
          0.0
        ],
        [
          0.0,
          0.0,
          1.0,
          0.0
        ],
        [
          0.0,
          0.0,
          0.0,
          1.0
        ]
      ],
      "props": {
        "FK_limb_follow": 0.0,
        "IK_FK": 1.0,
        "IK_Stretch": 1.0,
        "pole_vector": 1,
        "IK_parent": 1,
        "pole_parent": 6
      },
      "custom_shape": "WGT-rig_upper_arm_parent.L",
      "constraints": [],
      "drivers": []
    },
    "MCH-upper_arm_parent.L": {
      "parent": "ORG-shoulder.L",
      "hide": false,
      "head_local": [
        0.17159999907016754,
        0.08020000159740448,
        1.423699975013733
      ],
      "tail_local": [
        0.17159999907016754,
        0.1516399085521698,
        1.423699975013733
      ],
      "matrix_local": [
        [
          0.9999998807907104,
          1.30385160446167e-08,
          1.1362135410308838e-07,
          0.17159999907016754
        ],
        [
          -7.078051567077637e-08,
          1.0,
          -1.1920928955078125e-07,
          0.08020002394914627
        ],
        [
          -1.4156103134155273e-07,
          2.9802322387695312e-08,
          1.0,
          1.423699975013733
        ],
        [
          0.0,
          0.0,
          0.0,
          1.0
        ]
      ],
      "matrix": [
        [
          0.3246791660785675,
          0.915682315826416,
          -0.23687396943569183,
          0.024676406756043434
        ],
        [
          -0.9371846914291382,
          0.34523382782936096,
          0.04998493567109108,
          -0.03164578974246979
        ],
        [
          0.1275475025177002,
          0.20576557517051697,
          0.9702536463737488,
          1.3996403217315674
        ],
        [
          0.0,
          0.0,
          0.0,
          1.0
        ]
      ],
      "matrix_basis": [
        [
          1.0,
          0.0,
          0.0,
          0.0
        ],
        [
          0.0,
          1.0,
          0.0,
          0.0
        ],
        [
          0.0,
          0.0,
          1.0,
          0.0
        ],
        [
          0.0,
          0.0,
          0.0,
          1.0
        ]
      ],
      "props": {},
      "custom_shape": null,
      "constraints": [
        {
          "name": "Copy Scale",
          "type": "COPY_SCALE",
          "mute": false,
          "enabled": true,
          "influence": 1.0,
          "target": "rig",
          "subtarget": "root",
          "pole_target": null,
          "pole_subtarget": "",
          "chain_count": null,
          "pole_angle": null,
          "use_rotation": null,
          "use_stretch": null,
          "target_space": "WORLD",
          "owner_space": "WORLD",
          "use_offset": false,
          "use_x": true,
          "use_y": true,
          "use_z": true
        },
        {
          "name": "Copy Rotation",
          "type": "COPY_ROTATION",
          "mute": false,
          "enabled": true,
          "influence": 0.0,
          "target": "rig",
          "subtarget": "root",
          "pole_target": null,
          "pole_subtarget": "",
          "chain_count": null,
          "pole_angle": null,
          "use_rotation": null,
          "use_stretch": null,
          "target_space": "WORLD",
          "owner_space": "WORLD",
          "mix_mode": "REPLACE",
          "use_offset": false,
          "use_x": true,
          "use_y": true,
          "use_z": true,
          "invert_x": false,
          "invert_y": false,
          "invert_z": false
        }
      ],
      "drivers": [
        {
          "path": "pose.bones[\"MCH-upper_arm_parent.L\"].constraints[\"Copy Rotation\"].influence",
          "array_index": 0,
          "mute": false,
          "expression": "1.0",
          "type": "SUM",
          "vars": [
            {
              "name": "var",
              "type": "SINGLE_PROP",
              "targets": [
                {
                  "id": "rig",
                  "bone_target": "",
                  "data_path": "pose.bones[\"upper_arm_parent.L\"][\"FK_limb_follow\"]",
                  "transform_type": "LOC_X",
                  "transform_space": "WORLD_SPACE"
                }
              ]
            }
          ]
        }
      ]
    },
    "upper_arm_ik.L": {
      "parent": "MCH-upper_arm_ik_swing.L",
      "hide": false,
      "head_local": [
        0.17159999907016754,
        0.08020000159740448,
        1.423699975013733
      ],
      "tail_local": [
        0.3625999987125397,
        0.09239999949932098,
        1.2115000486373901
      ],
      "matrix_local": [
        [
          -0.7436769604682922,
          0.6683937311172485,
          -0.013945713639259338,
          0.17160001397132874
        ],
        [
          0.05707603320479393,
          0.042693257331848145,
          -0.9974566102027893,
          0.08020003139972687
        ],
        [
          -0.6660981178283691,
          -0.7425816059112549,
          -0.06989914178848267,
          1.423699975013733
        ],
        [
          0.0,
          0.0,
          0.0,
          1.0
        ]
      ],
      "matrix": [
        [
          -0.20775194466114044,
          0.11458062380552292,
          -0.9675105214118958,
          0.024665456265211105
        ],
        [
          0.10704522579908371,
          -0.9805887937545776,
          -0.13911500573158264,
          -0.03167406842112541
        ],
        [
          -0.9683730602264404,
          -0.13297724723815918,
          0.19218887388706207,
          1.3996403217315674
        ],
        [
          0.0,
          0.0,
          0.0,
          1.0
        ]
      ],
      "matrix_basis": [
        [
          0.9567115902900696,
          0.0,
          -0.2910376787185669,
          -8.344650268554688e-07
        ],
        [
          0.0,
          1.0,
          0.0,
          2.8520822525024414e-05
        ],
        [
          0.2910376787185669,
          0.0,
          0.9567115902900696,
          1.0251998901367188e-05
        ],
        [
          0.0,
          0.0,
          0.0,
          1.0
        ]
      ],
      "props": {},
      "custom_shape": "WGT-rig_upper_arm_ik.L",
      "constraints": [],
      "drivers": []
    },
    "MCH-forearm_ik.L": {
      "parent": "upper_arm_ik.L",
      "hide": false,
      "head_local": [
        0.3625999987125397,
        0.09239999949932098,
        1.2115000486373901
      ],
      "tail_local": [
        0.4982999861240387,
        -0.07209999859333038,
        1.0458999872207642
      ],
      "matrix_local": [
        [
          -0.7436776757240295,
          0.5025990605354309,
          -0.4408375322818756,
          0.36260002851486206
        ],
        [
          0.057074423879384995,
          -0.6092672348022461,
          -0.7909084558486938,
          0.09240004420280457
        ],
        [
          -0.6660974025726318,
          -0.6133415102958679,
          0.4244130849838257,
          1.2115000486373901
        ],
        [
          0.0,
          0.0,
          0.0,
          1.0
        ]
      ],
      "matrix": [
        [
          -0.20765681564807892,
          -0.7643904685974121,
          -0.6033467054367065,
          0.05740801990032196
        ],
        [
          0.10699620097875595,
          -0.6310858130455017,
          0.7627080678939819,
          -0.31188690662384033
        ],
        [
          -0.9679214358329773,
          0.0942298024892807,
          0.21375267207622528,
          1.3616409301757812
        ],
        [
          0.0,
          0.0,
          0.0,
          1.0
        ]
      ],
      "matrix_basis": [
        [
          1.0,
          0.0,
          0.0,
          0.0
        ],
        [
          0.0,
          1.0,
          0.0,
          0.0
        ],
        [
          0.0,
          0.0,
          1.0,
          0.0
        ],
        [
          0.0,
          0.0,
          0.0,
          1.0
        ]
      ],
      "props": {},
      "custom_shape": null,
      "constraints": [
        {
          "name": "IK",
          "type": "IK",
          "mute": true,
          "enabled": false,
          "influence": 1.0,
          "target": "rig",
          "subtarget": "MCH-upper_arm_ik_target.L",
          "pole_target": null,
          "pole_subtarget": "",
          "chain_count": 2,
          "pole_angle": 0.0,
          "use_rotation": false,
          "use_stretch": true,
          "target_space": "WORLD",
          "owner_space": "WORLD",
          "distance": 1.0,
          "limit_mode": "LIMITDIST_INSIDE"
        },
        {
          "name": "IK.001",
          "type": "IK",
          "mute": false,
          "enabled": true,
          "influence": 1.0,
          "target": "rig",
          "subtarget": "MCH-upper_arm_ik_target.L",
          "pole_target": "rig",
          "pole_subtarget": "upper_arm_ik_target.L",
          "chain_count": 2,
          "pole_angle": -1.5707963705062866,
          "use_rotation": false,
          "use_stretch": true,
          "target_space": "WORLD",
          "owner_space": "WORLD",
          "distance": 1.0,
          "limit_mode": "LIMITDIST_INSIDE"
        }
      ],
      "drivers": [
        {
          "path": "pose.bones[\"MCH-forearm_ik.L\"].constraints[\"IK\"].mute",
          "array_index": 0,
          "mute": false,
          "expression": "False",
          "type": "SUM",
          "vars": [
            {
              "name": "var",
              "type": "SINGLE_PROP",
              "targets": [
                {
                  "id": "rig",
                  "bone_target": "",
                  "data_path": "pose.bones[\"upper_arm_parent.L\"][\"pole_vector\"]",
                  "transform_type": "LOC_X",
                  "transform_space": "WORLD_SPACE"
                }
              ]
            }
          ]
        },
        {
          "path": "pose.bones[\"MCH-forearm_ik.L\"].constraints[\"IK.001\"].mute",
          "array_index": 0,
          "mute": false,
          "expression": "False",
          "type": "SUM",
          "vars": [
            {
              "name": "var",
              "type": "SINGLE_PROP",
              "targets": [
                {
                  "id": "rig",
                  "bone_target": "",
                  "data_path": "pose.bones[\"upper_arm_parent.L\"][\"pole_vector\"]",
                  "transform_type": "LOC_X",
                  "transform_space": "WORLD_SPACE"
                }
              ]
            }
          ]
        }
      ]
    },
    "MCH-upper_arm_ik_swing.L": {
      "parent": "MCH-upper_arm_parent.L",
      "hide": false,
      "head_local": [
        0.17159999907016754,
        0.08020000159740448,
        1.423699975013733
      ],
      "tail_local": [
        0.2252364456653595,
        0.05519592761993408,
        1.3616740703582764
      ],
      "matrix_local": [
        [
          -0.7487720251083374,
          0.6256587505340576,
          -0.21884140372276306,
          0.17159999907016754
        ],
        [
          0.0356534942984581,
          -0.29166752099990845,
          -0.9558550715446472,
          0.08020002394914627
        ],
        [
          -0.6618679165840149,
          -0.7235201001167297,
          0.19608569145202637,
          1.423699975013733
        ],
        [
          0.0,
          0.0,
          0.0,
          1.0
        ]
      ],
      "matrix": [
        [
          -0.14464764297008514,
          -0.3594547212123871,
          -0.9218837022781372,
          0.024676406756043434
        ],
        [
          0.0832163393497467,
          -0.9328004121780396,
          0.35065439343452454,
          -0.03164578974246979
        ],
        [
          -0.9859778881072998,
          -0.02599439024925232,
          0.16483978927135468,
          1.3996403217315674
        ],
        [
          0.0,
          0.0,
          0.0,
          1.0
        ]
      ],
      "matrix_basis": [
        [
          1.0,
          0.0,
          0.0,
          0.0
        ],
        [
          0.0,
          1.0,
          0.0,
          0.0
        ],
        [
          0.0,
          0.0,
          1.0,
          0.0
        ],
        [
          0.0,
          0.0,
          0.0,
          1.0
        ]
      ],
      "props": {},
      "custom_shape": null,
      "constraints": [
        {
          "name": "Damped Track",
          "type": "DAMPED_TRACK",
          "mute": false,
          "enabled": true,
          "influence": 1.0,
          "target": "rig",
          "subtarget": "MCH-upper_arm_ik_target.L",
          "pole_target": null,
          "pole_subtarget": "",
          "chain_count": null,
          "pole_angle": null,
          "use_rotation": null,
          "use_stretch": null,
          "target_space": "WORLD",
          "owner_space": "WORLD",
          "head_tail": 0.0,
          "track_axis": "TRACK_Y"
        }
      ],
      "drivers": []
    },
    "MCH-upper_arm_ik_target.L": {
      "parent": "hand_ik.L",
      "hide": false,
      "head_local": [
        0.4982999861240387,
        -0.07209999859333038,
        1.0458999872207642
      ],
      "tail_local": [
        0.5789999961853027,
        -0.1867000013589859,
        1.0011999607086182
      ],
      "matrix_local": [
        [
          -0.6264299154281616,
          0.5485387444496155,
          -0.5537962913513184,
          0.4982999861240387
        ],
        [
          -0.14218932390213013,
          -0.7789657115936279,
          -0.6107324957847595,
          -0.07210000604391098
        ],
        [
          -0.7663987278938293,
          -0.3038376271724701,
          0.5659638047218323,
          1.0458999872207642
        ],
        [
          0.0,
          0.0,
          0.0,
          1.0
        ]
      ],
      "matrix": [
        [
          -0.5389053821563721,
          -0.7949529886245728,
          0.278622567653656,
          -0.14897456765174866
        ],
        [
          0.48154810070991516,
          -0.5621179938316345,
          -0.6724094748497009,
          -0.48227745294570923
        ],
        [
          0.6911531090736389,
          -0.22819487750530243,
          0.6857361197471619,
          1.387082576751709
        ],
        [
          0.0,
          0.0,
          0.0,
          1.0
        ]
      ],
      "matrix_basis": [
        [
          1.0,
          0.0,
          0.0,
          0.0
        ],
        [
          0.0,
          1.0,
          0.0,
          0.0
        ],
        [
          0.0,
          0.0,
          1.0,
          0.0
        ],
        [
          0.0,
          0.0,
          0.0,
          1.0
        ]
      ],
      "props": {},
      "custom_shape": null,
      "constraints": [
        {
          "name": "Copy Location",
          "type": "COPY_LOCATION",
          "mute": false,
          "enabled": true,
          "influence": 1.0,
          "target": "rig",
          "subtarget": "hand_ik.L",
          "pole_target": null,
          "pole_subtarget": "",
          "chain_count": null,
          "pole_angle": null,
          "use_rotation": null,
          "use_stretch": null,
          "target_space": "WORLD",
          "owner_space": "WORLD",
          "head_tail": 0.0,
          "use_offset": false,
          "use_x": true,
          "use_y": true,
          "use_z": true,
          "invert_x": false,
          "invert_y": false,
          "invert_z": false
        },
        {
          "name": "Limit Distance",
          "type": "LIMIT_DISTANCE",
          "mute": false,
          "enabled": true,
          "influence": 0.0,
          "target": "rig",
          "subtarget": "MCH-upper_arm_parent.L",
          "pole_target": null,
          "pole_subtarget": "",
          "chain_count": null,
          "pole_angle": null,
          "use_rotation": null,
          "use_stretch": null,
          "target_space": "CUSTOM",
          "owner_space": "CUSTOM",
          "head_tail": 0.0,
          "distance": 0.5752077698707581,
          "limit_mode": "LIMITDIST_INSIDE"
        }
      ],
      "drivers": [
        {
          "path": "pose.bones[\"MCH-upper_arm_ik_target.L\"].constraints[\"Limit Distance\"].influence",
          "array_index": 0,
          "mute": false,
          "expression": "1.0",
          "type": "SUM",
          "vars": [
            {
              "name": "var",
              "type": "SINGLE_PROP",
              "targets": [
                {
                  "id": "rig",
                  "bone_target": "",
                  "data_path": "pose.bones[\"upper_arm_parent.L\"][\"IK_Stretch\"]",
                  "transform_type": "LOC_X",
                  "transform_space": "WORLD_SPACE"
                }
              ]
            }
          ]
        }
      ]
    },
    "MCH-upper_arm_ik_target.parent.L": {
      "parent": null,
      "hide": false,
      "head_local": [
        0.4856099486351013,
        0.5909754633903503,
        1.1168845891952515
      ],
      "tail_local": [
        0.4856099486351013,
        0.6127325296401978,
        1.1168845891952515
      ],
      "matrix_local": [
        [
          1.0,
          0.0,
          0.0,
          0.4856099486351013
        ],
        [
          0.0,
          1.0,
          0.0,
          0.5909754633903503
        ],
        [
          0.0,
          0.0,
          1.0,
          1.1168845891952515
        ],
        [
          0.0,
          0.0,
          0.0,
          1.0
        ]
      ],
      "matrix": [
        [
          0.32467907667160034,
          0.9156824350357056,
          -0.23687416315078735,
          0.6670135855674744
        ],
        [
          -0.9371846318244934,
          0.34523385763168335,
          0.04998503625392914,
          -0.1649303287267685
        ],
        [
          0.12754763662815094,
          0.20576560497283936,
          0.9702543020248413,
          1.2471027374267578
        ],
        [
          0.0,
          0.0,
          0.0,
          1.0
        ]
      ],
      "matrix_basis": [
        [
          1.0,
          0.0,
          0.0,
          0.0
        ],
        [
          0.0,
          1.0,
          0.0,
          0.0
        ],
        [
          0.0,
          0.0,
          1.0,
          0.0
        ],
        [
          0.0,
          0.0,
          0.0,
          1.0
        ]
      ],
      "props": {},
      "custom_shape": null,
      "constraints": [
        {
          "name": "SWITCH_PARENT",
          "type": "ARMATURE",
          "mute": false,
          "enabled": true,
          "influence": 1.0,
          "target": null,
          "subtarget": "",
          "pole_target": null,
          "pole_subtarget": "",
          "chain_count": null,
          "pole_angle": null,
          "use_rotation": null,
          "use_stretch": null,
          "target_space": "WORLD",
          "owner_space": "WORLD"
        }
      ],
      "drivers": [
        {
          "path": "pose.bones[\"MCH-upper_arm_ik_target.parent.L\"].constraints[\"SWITCH_PARENT\"].targets[0].weight",
          "array_index": 0,
          "mute": false,
          "expression": "var == 1",
          "type": "SCRIPTED",
          "vars": [
            {
              "name": "var",
              "type": "SINGLE_PROP",
              "targets": [
                {
                  "id": "rig",
                  "bone_target": "",
                  "data_path": "pose.bones[\"upper_arm_parent.L\"][\"pole_parent\"]",
                  "transform_type": "LOC_X",
                  "transform_space": "WORLD_SPACE"
                }
              ]
            }
          ]
        },
        {
          "path": "pose.bones[\"MCH-upper_arm_ik_target.parent.L\"].constraints[\"SWITCH_PARENT\"].targets[1].weight",
          "array_index": 0,
          "mute": false,
          "expression": "var == 2",
          "type": "SCRIPTED",
          "vars": [
            {
              "name": "var",
              "type": "SINGLE_PROP",
              "targets": [
                {
                  "id": "rig",
                  "bone_target": "",
                  "data_path": "pose.bones[\"upper_arm_parent.L\"][\"pole_parent\"]",
                  "transform_type": "LOC_X",
                  "transform_space": "WORLD_SPACE"
                }
              ]
            }
          ]
        },
        {
          "path": "pose.bones[\"MCH-upper_arm_ik_target.parent.L\"].constraints[\"SWITCH_PARENT\"].targets[2].weight",
          "array_index": 0,
          "mute": false,
          "expression": "var == 3",
          "type": "SCRIPTED",
          "vars": [
            {
              "name": "var",
              "type": "SINGLE_PROP",
              "targets": [
                {
                  "id": "rig",
                  "bone_target": "",
                  "data_path": "pose.bones[\"upper_arm_parent.L\"][\"pole_parent\"]",
                  "transform_type": "LOC_X",
                  "transform_space": "WORLD_SPACE"
                }
              ]
            }
          ]
        },
        {
          "path": "pose.bones[\"MCH-upper_arm_ik_target.parent.L\"].constraints[\"SWITCH_PARENT\"].targets[3].weight",
          "array_index": 0,
          "mute": false,
          "expression": "var == 4",
          "type": "SCRIPTED",
          "vars": [
            {
              "name": "var",
              "type": "SINGLE_PROP",
              "targets": [
                {
                  "id": "rig",
                  "bone_target": "",
                  "data_path": "pose.bones[\"upper_arm_parent.L\"][\"pole_parent\"]",
                  "transform_type": "LOC_X",
                  "transform_space": "WORLD_SPACE"
                }
              ]
            }
          ]
        },
        {
          "path": "pose.bones[\"MCH-upper_arm_ik_target.parent.L\"].constraints[\"SWITCH_PARENT\"].targets[4].weight",
          "array_index": 0,
          "mute": false,
          "expression": "var == 5",
          "type": "SCRIPTED",
          "vars": [
            {
              "name": "var",
              "type": "SINGLE_PROP",
              "targets": [
                {
                  "id": "rig",
                  "bone_target": "",
                  "data_path": "pose.bones[\"upper_arm_parent.L\"][\"pole_parent\"]",
                  "transform_type": "LOC_X",
                  "transform_space": "WORLD_SPACE"
                }
              ]
            }
          ]
        },
        {
          "path": "pose.bones[\"MCH-upper_arm_ik_target.parent.L\"].constraints[\"SWITCH_PARENT\"].targets[5].weight",
          "array_index": 0,
          "mute": false,
          "expression": "var == 6",
          "type": "SCRIPTED",
          "vars": [
            {
              "name": "var",
              "type": "SINGLE_PROP",
              "targets": [
                {
                  "id": "rig",
                  "bone_target": "",
                  "data_path": "pose.bones[\"upper_arm_parent.L\"][\"pole_parent\"]",
                  "transform_type": "LOC_X",
                  "transform_space": "WORLD_SPACE"
                }
              ]
            }
          ]
        },
        {
          "path": "pose.bones[\"MCH-upper_arm_ik_target.parent.L\"].constraints[\"SWITCH_PARENT\"].targets[6].weight",
          "array_index": 0,
          "mute": false,
          "expression": "var == 7",
          "type": "SCRIPTED",
          "vars": [
            {
              "name": "var",
              "type": "SINGLE_PROP",
              "targets": [
                {
                  "id": "rig",
                  "bone_target": "",
                  "data_path": "pose.bones[\"upper_arm_parent.L\"][\"pole_parent\"]",
                  "transform_type": "LOC_X",
                  "transform_space": "WORLD_SPACE"
                }
              ]
            }
          ]
        }
      ]
    },
    "hand_ik.L": {
      "parent": "MCH-hand_ik.parent.L",
      "hide": false,
      "head_local": [
        0.4982999861240387,
        -0.07209999859333038,
        1.0458999872207642
      ],
      "tail_local": [
        0.5789999961853027,
        -0.1867000013589859,
        1.0011999607086182
      ],
      "matrix_local": [
        [
          -0.6264301538467407,
          0.5485387444496155,
          -0.5537960529327393,
          0.4982999861240387
        ],
        [
          -0.14218956232070923,
          -0.7789657711982727,
          -0.61073237657547,
          -0.07210000604391098
        ],
        [
          -0.7663984894752502,
          -0.3038376271724701,
          0.5659641623497009,
          1.0458999872207642
        ],
        [
          0.0,
          0.0,
          0.0,
          1.0
        ]
      ],
      "matrix": [
        [
          -0.5389052629470825,
          -0.7949529886245728,
          0.2786228358745575,
          -0.14897456765174866
        ],
        [
          0.48154783248901367,
          -0.5621180534362793,
          -0.6724096536636353,
          -0.48227745294570923
        ],
        [
          0.6911534070968628,
          -0.22819483280181885,
          0.685735821723938,
          1.387082576751709
        ],
        [
          0.0,
          0.0,
          0.0,
          1.0
        ]
      ],
      "matrix_basis": [
        [
          -0.2605835199356079,
          0.7527984380722046,
          -0.6044757962226868,
          0.20231348276138306
        ],
        [
          -0.8807181715965271,
          0.0711422860622406,
          0.468267560005188,
          -0.13920502364635468
        ],
        [
          0.3955148756504059,
          0.6543955206871033,
          0.6444645524024963,
          0.8020641207695007
        ],
        [
          0.0,
          0.0,
          0.0,
          1.0
        ]
      ],
      "props": {},
      "custom_shape": "WGT-rig_hand_ik.L",
      "constraints": [],
      "drivers": []
    },
    "upper_arm_ik_target.L": {
      "parent": "MCH-upper_arm_ik_target.parent.L",
      "hide": false,
      "head_local": [
        0.4856099486351013,
        0.5909754633903503,
        1.1168845891952515
      ],
      "tail_local": [
        0.4702337086200714,
        0.5286535024642944,
        1.128711462020874
      ],
      "matrix_local": [
        [
          -0.2281956672668457,
          -0.2355746179819107,
          0.9446857571601868,
          0.4856099486351013
        ],
        [
          0.2355746179819107,
          -0.9548155069351196,
          -0.18119587004184723,
          0.5909754633903503
        ],
        [
          0.9446857571601868,
          0.18119587004184723,
          0.2733802795410156,
          1.1168845891952515
        ],
        [
          0.0,
          0.0,
          0.0,
          1.0
        ]
      ],
      "matrix": [
        [
          -0.08215038478374481,
          -0.9937146902084351,
          0.07604523748159409,
          0.6670135855674744
        ],
        [
          0.34241005778312683,
          -0.09980062395334244,
          -0.9342353940010071,
          -0.1649303287267685
        ],
        [
          0.9359524250030518,
          -0.05070920288562775,
          0.3484569191932678,
          1.2471027374267578
        ],
        [
          0.0,
          0.0,
          0.0,
          1.0
        ]
      ],
      "matrix_basis": [
        [
          1.0,
          0.0,
          0.0,
          0.0
        ],
        [
          0.0,
          1.0,
          0.0,
          0.0
        ],
        [
          0.0,
          0.0,
          1.0,
          0.0
        ],
        [
          0.0,
          0.0,
          0.0,
          1.0
        ]
      ],
      "props": {},
      "custom_shape": "WGT-rig_upper_arm_ik_target.L",
      "constraints": [],
      "drivers": []
    },
    "ORG-upper_arm.L": {
      "parent": "ORG-shoulder.L",
      "hide": false,
      "head_local": [
        0.17159999907016754,
        0.08020000159740448,
        1.423699975013733
      ],
      "tail_local": [
        0.3625999987125397,
        0.09239999949932098,
        1.2115000486373901
      ],
      "matrix_local": [
        [
          -0.743677020072937,
          0.6683936715126038,
          -0.0139455646276474,
          0.17159999907016754
        ],
        [
          0.05707600712776184,
          0.04269319772720337,
          -0.9974566698074341,
          0.08020002394914627
        ],
        [
          -0.6660982370376587,
          -0.7425815463066101,
          -0.06989914178848267,
          1.423699975013733
        ],
        [
          0.0,
          0.0,
          0.0,
          1.0
        ]
      ],
      "matrix": [
        [
          -0.20775194466114044,
          0.11458062380552292,
          -0.9675105214118958,
          0.024665456265211105
        ],
        [
          0.10704522579908371,
          -0.9805887937545776,
          -0.13911500573158264,
          -0.03167406842112541
        ],
        [
          -0.9683730602264404,
          -0.13297724723815918,
          0.19218887388706207,
          1.3996403217315674
        ],
        [
          0.0,
          0.0,
          0.0,
          1.0
        ]
      ],
      "matrix_basis": [
        [
          0.9830469489097595,
          -0.15804609656333923,
          0.09295601397752762,
          5.7220458984375e-06
        ],
        [
          0.1633635014295578,
          0.5247554779052734,
          -0.8354304432868958,
          -1.8805265426635742e-05
        ],
        [
          0.08325739204883575,
          0.8364524841308594,
          0.5416781306266785,
          -2.5928020477294922e-05
        ],
        [
          0.0,
          0.0,
          0.0,
          1.0
        ]
      ],
      "props": {
        "rigify_type": "limbs.super_limb",
        "rigify_parameters": [
          "tweak_layers",
          "fk_layers"
        ]
      },
      "custom_shape": null,
      "constraints": [
        {
          "name": "Copy Transforms",
          "type": "COPY_TRANSFORMS",
          "mute": false,
          "enabled": true,
          "influence": 0.0,
          "target": "rig",
          "subtarget": "upper_arm_fk.L",
          "pole_target": null,
          "pole_subtarget": "",
          "chain_count": null,
          "pole_angle": null,
          "use_rotation": null,
          "use_stretch": null,
          "target_space": "WORLD",
          "owner_space": "WORLD",
          "mix_mode": "REPLACE",
          "head_tail": 0.0
        },
        {
          "name": "Copy Transforms.001",
          "type": "COPY_TRANSFORMS",
          "mute": false,
          "enabled": true,
          "influence": 1.0,
          "target": "rig",
          "subtarget": "upper_arm_ik.L",
          "pole_target": null,
          "pole_subtarget": "",
          "chain_count": null,
          "pole_angle": null,
          "use_rotation": null,
          "use_stretch": null,
          "target_space": "WORLD",
          "owner_space": "WORLD",
          "mix_mode": "REPLACE",
          "head_tail": 0.0
        }
      ],
      "drivers": [
        {
          "path": "pose.bones[\"ORG-upper_arm.L\"].constraints[\"Copy Transforms.001\"].influence",
          "array_index": 0,
          "mute": true,
          "expression": "1.0",
          "type": "SUM",
          "vars": [
            {
              "name": "var",
              "type": "SINGLE_PROP",
              "targets": [
                {
                  "id": "rig",
                  "bone_target": "",
                  "data_path": "pose.bones[\"upper_arm_parent.L\"][\"IK_FK\"]",
                  "transform_type": "LOC_X",
                  "transform_space": "WORLD_SPACE"
                }
              ]
            }
          ]
        }
      ]
    },
    "ORG-forearm.L": {
      "parent": "ORG-upper_arm.L",
      "hide": false,
      "head_local": [
        0.3625999987125397,
        0.09239999949932098,
        1.2115000486373901
      ],
      "tail_local": [
        0.4982999861240387,
        -0.07209999859333038,
        1.0458999872207642
      ],
      "matrix_local": [
        [
          -0.7436777353286743,
          0.5025991201400757,
          -0.4408375024795532,
          0.3625999987125397
        ],
        [
          0.05707453563809395,
          -0.6092672348022461,
          -0.7909083962440491,
          0.09240002185106277
        ],
        [
          -0.6660975813865662,
          -0.6133415699005127,
          0.42441296577453613,
          1.2115000486373901
        ],
        [
          0.0,
          0.0,
          0.0,
          1.0
        ]
      ],
      "matrix": [
        [
          -0.20765681564807892,
          -0.7643904685974121,
          -0.6033467054367065,
          0.057407986372709274
        ],
        [
          0.10699620097875595,
          -0.6310858130455017,
          0.7627080678939819,
          -0.31188687682151794
        ],
        [
          -0.9679214358329773,
          0.0942298024892807,
          0.21375267207622528,
          1.3616408109664917
        ],
        [
          0.0,
          0.0,
          0.0,
          1.0
        ]
      ],
      "matrix_basis": [
        [
          0.7889432311058044,
          -0.5736578702926636,
          -0.22019393742084503,
          0.0
        ],
        [
          0.279331773519516,
          0.6540109515190125,
          -0.7030244469642639,
          0.0
        ],
        [
          0.5473048686981201,
          0.4931390881538391,
          0.6762183308601379,
          0.0
        ],
        [
          0.0,
          0.0,
          0.0,
          1.0
        ]
      ],
      "props": {
        "rigify_type": ""
      },
      "custom_shape": null,
      "constraints": [
        {
          "name": "Copy Transforms",
          "type": "COPY_TRANSFORMS",
          "mute": false,
          "enabled": true,
          "influence": 0.0,
          "target": "rig",
          "subtarget": "forearm_fk.L",
          "pole_target": null,
          "pole_subtarget": "",
          "chain_count": null,
          "pole_angle": null,
          "use_rotation": null,
          "use_stretch": null,
          "target_space": "WORLD",
          "owner_space": "WORLD",
          "mix_mode": "REPLACE",
          "head_tail": 0.0
        },
        {
          "name": "Copy Transforms.001",
          "type": "COPY_TRANSFORMS",
          "mute": false,
          "enabled": true,
          "influence": 1.0,
          "target": "rig",
          "subtarget": "MCH-forearm_ik.L",
          "pole_target": null,
          "pole_subtarget": "",
          "chain_count": null,
          "pole_angle": null,
          "use_rotation": null,
          "use_stretch": null,
          "target_space": "WORLD",
          "owner_space": "WORLD",
          "mix_mode": "REPLACE",
          "head_tail": 0.0
        }
      ],
      "drivers": [
        {
          "path": "pose.bones[\"ORG-forearm.L\"].constraints[\"Copy Transforms.001\"].influence",
          "array_index": 0,
          "mute": true,
          "expression": "1.0",
          "type": "SUM",
          "vars": [
            {
              "name": "var",
              "type": "SINGLE_PROP",
              "targets": [
                {
                  "id": "rig",
                  "bone_target": "",
                  "data_path": "pose.bones[\"upper_arm_parent.L\"][\"IK_FK\"]",
                  "transform_type": "LOC_X",
                  "transform_space": "WORLD_SPACE"
                }
              ]
            }
          ]
        }
      ]
    },
    "ORG-hand.L": {
      "parent": "ORG-forearm.L",
      "hide": false,
      "head_local": [
        0.4982999861240387,
        -0.07209999859333038,
        1.0458999872207642
      ],
      "tail_local": [
        0.5789999961853027,
        -0.1867000013589859,
        1.0011999607086182
      ],
      "matrix_local": [
        [
          -0.626430094242096,
          0.5485389232635498,
          -0.5537964105606079,
          0.4982999861240387
        ],
        [
          -0.1421889066696167,
          -0.7789660096168518,
          -0.6107327342033386,
          -0.07209997624158859
        ],
        [
          -0.7663991451263428,
          -0.30383774638175964,
          0.5659639835357666,
          1.0458999872207642
        ],
        [
          0.0,
          0.0,
          0.0,
          1.0
        ]
      ],
      "matrix": [
        [
          -0.5389053821563721,
          -0.7949529886245728,
          0.278622567653656,
          -0.1489747315645218
        ],
        [
          0.48154810070991516,
          -0.5621179938316345,
          -0.6724094748497009,
          -0.4822778105735779
        ],
        [
          0.6911531090736389,
          -0.22819487750530243,
          0.6857361197471619,
          1.387082576751709
        ],
        [
          0.0,
          0.0,
          0.0,
          1.0
        ]
      ],
      "matrix_basis": [
        [
          0.1122119277715683,
          0.19725488126277924,
          -0.9739090800285339,
          0.0
        ],
        [
          0.841096043586731,
          0.5030291080474854,
          0.19879268109798431,
          0.0
        ],
        [
          0.529117226600647,
          -0.8414583802223206,
          -0.10946447402238846,
          0.0
        ],
        [
          0.0,
          0.0,
          0.0,
          1.0
        ]
      ],
      "props": {
        "rigify_type": ""
      },
      "custom_shape": null,
      "constraints": [
        {
          "name": "Copy Transforms",
          "type": "COPY_TRANSFORMS",
          "mute": false,
          "enabled": true,
          "influence": 0.0,
          "target": "rig",
          "subtarget": "hand_fk.L",
          "pole_target": null,
          "pole_subtarget": "",
          "chain_count": null,
