{
  "file": "C:\\Users\\sysro\\Downloads\\BlenderPoses_arms_ik_enabled.blend",
  "frame": 1,
  "mode": "POSE",
  "active_object": "rig",
  "selected_objects": [
    "rig"
  ],
  "armatures": [
    {
      "object": "Armature",
      "data": "Armature",
      "show_in_front": false,
      "custom_props": {
        "als": [],
        "xray": [
          "version"
        ]
      },
      "bones": [
        {
          "name": "LeftFacialEyelidLowerOuter",
          "parent": "Head",
          "hide": false,
          "select": true,
          "use_connect": false,
          "head_local": [
            4.308802127838135,
            168.47738647460938,
            5.535099983215332
          ],
          "tail_local": [
            4.308802127838135,
            179.88314819335938,
            5.535099029541016
          ],
          "matrix_local": [
            [
              -1.0,
              1.9226717995479703e-08,
              9.261400890636651e-08,
              4.308802127838135
            ],
            [
              1.9202161638531834e-08,
              1.0000009536743164,
              -8.527513273293152e-07,
              168.47738647460938
            ],
            [
              -9.26267134104819e-08,
              -1.1346241990395356e-07,
              -1.0000001192092896,
              5.535101890563965
            ],
            [
              0.0,
              0.0,
              0.0,
              1.0
            ]
          ],
          "collections": [
            "Layer 1"
          ]
        },
        {
          "name": "LeftFacialEyelidUpperOuter",
          "parent": "Head",
          "hide": false,
          "select": true,
          "use_connect": false,
          "head_local": [
            4.221290111541748,
            169.6217041015625,
            5.581295490264893
          ],
          "tail_local": [
            4.221290111541748,
            181.0274658203125,
            5.581294536590576
          ],
          "matrix_local": [
            [
              -1.0,
              1.9227627490181476e-08,
              9.261491840106828e-08,
              4.221290111541748
            ],
            [
              1.9203071133233607e-08,
              1.0000009536743164,
              -8.527515547029907e-07,
              169.6217041015625
            ],
            [
              -9.262762290518367e-08,
              -1.1346253359079128e-07,
              -1.0000001192092896,
              5.581297874450684
            ],
            [
              0.0,
              0.0,
              0.0,
              1.0
            ]
          ],
          "collections": [
            "Layer 1"
          ]
        },
        {
          "name": "LeftFacialEyebrowOuter",
          "parent": "Head",
          "hide": false,
          "select": true,
          "use_connect": false,
          "head_local": [
            4.792520999908447,
            171.42315673828125,
            5.85547399520874
          ],
          "tail_local": [
            4.792520999908447,
            182.82891845703125,
            5.855473041534424
          ],
          "matrix_local": [
            [
              -1.0,
              -2.2579570213565603e-08,
              5.0806733042918495e-08,
              4.792520999908447
            ],
            [
              -2.26032170758117e-08,
              1.0000009536743164,
              -6.37505820577644e-07,
              171.42315673828125
            ],
            [
              -5.081954768115793e-08,
              5.3764836138725514e-08,
              -1.0000001192092896,
              5.855475425720215
            ],
            [
              0.0,
              0.0,
              0.0,
              1.0
            ]
          ],
          "collections": [
            "Layer 1"
          ]
        },
        {
          "name": "RightFacialEyelidLowerOuter",
          "parent": "Head",
          "hide": false,
          "select": true,
          "use_connect": false,
          "head_local": [
            -4.309582710266113,
            168.4770050048828,
            5.362199306488037
          ],
          "tail_local": [
            -4.309505939483643,
            157.0712432861328,
            5.3622002601623535
          ],
          "matrix_local": [
            [
              -1.0,
              6.753463367203949e-06,
              5.1659453674801625e-06,
              -4.309582710266113
            ],
            [
              -6.7534892878029495e-06,
              -1.0000009536743164,
              8.52706932619185e-07,
              168.4770050048828
            ],
            [
              5.1659335440490395e-06,
              1.1342820016579935e-07,
              1.0000001192092896,
              5.362200736999512
            ],
            [
              0.0,
              0.0,
              0.0,
              1.0
            ]
          ],
          "collections": [
            "Layer 1"
          ]
        },
        {
          "name": "RightFacialEyelidUpperOuter",
          "parent": "Head",
          "hide": false,
          "select": true,
          "use_connect": false,
          "head_local": [
            -4.222071647644043,
            169.62200927734375,
            5.508518218994141
          ],
          "tail_local": [
            -4.221994876861572,
            158.21624755859375,
            5.508519172668457
          ],
          "matrix_local": [
            [
              -1.0,
              6.711656624247553e-06,
              4.969333531334996e-06,
              -4.222071170806885
            ],
            [
              -6.711682544846553e-06,
              -1.0000009536743164,
              8.527056252205512e-07,
              169.62200927734375
            ],
            [
              4.969321707903873e-06,
              1.134284275394748e-07,
              1.0000001192092896,
              5.508519172668457
            ],
            [
              0.0,
              0.0,
              0.0,
              1.0
            ]
          ],
          "collections": [
            "Layer 1"
          ]
        },
        {
          "name": "RightFacialEyebrowOuter",
          "parent": "Head",
          "hide": false,
          "select": true,
          "use_connect": false,
          "head_local": [
            -4.793302536010742,
            171.42300415039062,
            5.717796325683594
          ],
          "tail_local": [
            -4.7932257652282715,
            160.01724243164062,
            5.71779727935791
          ],
          "matrix_local": [
            [
              -1.0,
              6.711656624247553e-06,
              4.969333531334996e-06,
              -4.793302536010742
            ],
            [
              -6.711682544846553e-06,
              -1.0000009536743164,
              8.527055115337134e-07,
              171.42300415039062
            ],
            [
              4.969321707903873e-06,
              1.1342837069605594e-07,
              1.0000001192092896,
              5.71779727935791
            ],
            [
              0.0,
              0.0,
              0.0,
              1.0
            ]
          ],
          "collections": [
            "Layer 1"
          ]
        },
        {
          "name": "RightShoulder",
          "parent": "Spine5",
          "hide": false,
          "select": true,
          "use_connect": false,
          "head_local": [
            -6.249979019165039,
            142.3450469970703,
            -7.279087066650391
          ],
          "tail_local": [
            -6.026963710784912,
            131.40858459472656,
            -7.106260776519775
          ],
          "matrix_local": [
            [
              -0.05789833515882492,
              0.0203851368278265,
              0.9981143474578857,
              -6.249979019165039
            ],
            [
              0.014594025909900665,
              -0.9996673464775085,
              0.021263517439365387,
              142.3450469970703
            ],
            [
              0.9982156753540039,
              0.015797622501850128,
              0.057581569999456406,
              -7.279089450836182
            ],
            [
              0.0,
              0.0,
              0.0,
              1.0
            ]
          ],
          "collections": [
            "Layer 1"
          ]
        },
        {
          "name": "RightArm",
          "parent": "RightShoulder",
          "hide": false,
          "select": true,
          "use_connect": false,
          "head_local": [
            -17.1646728515625,
            142.3721923828125,
            -8.023636817932129
          ],
          "tail_local": [
            -11.9046630859375,
            137.638916015625,
            -8.047465324401855
          ],
          "matrix_local": [
            [
              -0.02593635395169258,
              0.7433412671089172,
              0.6684093475341797,
              -17.1646728515625
            ],
            [
              -0.03385230526328087,
              -0.6689037680625916,
              0.7425777316093445,
              142.3721923828125
            ],
            [
              0.9990899562835693,
              -0.0033674314618110657,
              0.042512744665145874,
              -8.023637771606445
            ],
            [
              0.0,
              0.0,
              0.0,
              1.0
            ]
          ],
          "collections": [
            "Layer 1"
          ]
        },
        {
          "name": "RightArmTwist",
          "parent": "RightArm",
          "hide": false,
          "select": true,
          "use_connect": false,
          "head_local": [
            -26.623994827270508,
            131.86280822753906,
            -8.625252723693848
          ],
          "tail_local": [
            -15.903142929077148,
            122.21566009521484,
            -8.673818588256836
          ],
          "matrix_local": [
            [
              -0.02593587152659893,
              0.7433456778526306,
              0.6684044599533081,
              -26.62399673461914
            ],
            [
              -0.03385211527347565,
              -0.66889888048172,
              0.7425821423530579,
              131.86280822753906
            ],
            [
              0.9990899562835693,
              -0.0033673816360533237,
              0.04251230135560036,
              -8.62525463104248
            ],
            [
              0.0,
              0.0,
              0.0,
              1.0
            ]
          ],
          "collections": [
            "Layer 1"
          ]
        },
        {
          "name": "RightForeArm",
          "parent": "RightArmTwist",
          "hide": false,
          "select": true,
          "use_connect": false,
          "head_local": [
            -36.26423645019531,
            121.15318298339844,
            -9.238409996032715
          ],
          "tail_local": [
            -39.05571746826172,
            118.10279083251953,
            -14.61379337310791
          ],
          "matrix_local": [
            [
              0.760299026966095,
              -0.41161707043647766,
              0.5025105476379395,
              -36.26423645019531
            ],
            [
              -0.6490315198898315,
              -0.449794739484787,
              0.6135492324829102,
              121.15318298339844
            ],
            [
              -0.026520859450101852,
              -0.792625904083252,
              -0.6091307997703552,
              -9.238411903381348
            ],
            [
              0.0,
              0.0,
              0.0,
              1.0
            ]
          ],
          "collections": [
            "Layer 1"
          ]
        },
        {
          "name": "RightForeArmTwist",
          "parent": "RightForeArm",
          "hide": false,
          "select": true,
          "use_connect": false,
          "head_local": [
            -43.07996368408203,
            112.83113861083984,
            -0.9769675135612488
          ],
          "tail_local": [
            -48.61079025268555,
            106.78730773925781,
            -11.627333641052246
          ],
          "matrix_local": [
            [
              0.7602994441986084,
              -0.4116170406341553,
              0.5025099515914917,
              -43.07996368408203
            ],
            [
              -0.6490311026573181,
              -0.44979602098464966,
              0.613548755645752,
              112.83113861083984
            ],
            [
              -0.026520270854234695,
              -0.7926251888275146,
              -0.6091317534446716,
              -0.9769713878631592
            ],
            [
              0.0,
              0.0,
              0.0,
              1.0
            ]
          ],
          "collections": [
            "Layer 1"
          ]
        },
        {
          "name": "RightHand",
          "parent": "RightForeArmTwist",
          "hide": false,
          "select": true,
          "use_connect": false,
          "head_local": [
            -49.83147430419922,
            104.58638763427734,
            7.207862377166748
          ],
          "tail_local": [
            -41.44173812866211,
            98.9605712890625,
            11.095008850097656
          ],
          "matrix_local": [
            [
              0.21760566532611847,
              0.7751431465148926,
              0.5931280851364136,
              -49.83147048950195
            ],
            [
              0.7533215880393982,
              -0.5197795033454895,
              0.40290898084640503,
              104.58638763427734
            ],
            [
              0.620607852935791,
              0.3591407835483551,
              -0.6970389485359192,
              7.207861423492432
            ],
            [
              0.0,
              0.0,
              0.0,
              1.0
            ]
          ],
          "collections": [
            "Layer 1"
          ]
        },
        {
          "name": "RightHandMiddle1",
          "parent": "RightHand",
          "hide": false,
          "select": true,
          "use_connect": false,
          "head_local": [
            -51.44109344482422,
            104.50389099121094,
            9.683895111083984
          ],
          "tail_local": [
            -45.14513397216797,
            100.67576599121094,
            12.571967124938965
          ],
          "matrix_local": [
            [
              0.2201719731092453,
              0.7955265641212463,
              0.5645014047622681,
              -51.44109344482422
            ],
            [
              0.7918595671653748,
              -0.483703076839447,
              0.3728131651878357,
              104.50389099121094
            ],
            [
              0.5696337223052979,
              0.3649226129055023,
              -0.7364431023597717,
              9.683895111083984
            ],
            [
              0.0,
              0.0,
              0.0,
              1.0
            ]
          ],
          "collections": [
            "Layer 1"
          ]
        },
        {
          "name": "RightHandMiddle2",
          "parent": "RightHandMiddle1",
          "hide": false,
          "select": true,
          "use_connect": false,
          "head_local": [
            -55.90866470336914,
            101.55303192138672,
            15.512083053588867
          ],
          "tail_local": [
            -52.607635498046875,
            99.66307067871094,
            16.730445861816406
          ],
          "matrix_local": [
            [
              0.2637783885002136,
              0.8264678716659546,
              0.49736493825912476,
              -55.90866470336914
            ],
            [
              0.804134726524353,
              -0.4731835424900055,
              0.35981178283691406,
              101.55303192138672
            ],
            [
              0.5327175855636597,
              0.3050376772880554,
              -0.7894070148468018,
              15.51208209991455
            ],
            [
              0.0,
              0.0,
              0.0,
              1.0
            ]
          ],
          "collections": [
            "Layer 1"
          ]
        },
        {
          "name": "RightHandMiddle3",
          "parent": "RightHandMiddle2",
          "hide": false,
          "select": true,
          "use_connect": false,
          "head_local": [
            -57.895225524902344,
            100.11609649658203,
            18.665170669555664
          ],
          "tail_local": [
            -55.21725082397461,
            100.16048431396484,
            17.370647430419922
          ],
          "matrix_local": [
            [
              0.257847398519516,
              0.9002265334129333,
              -0.3508661091327667,
              -57.895225524902344
            ],
            [
              0.7870653867721558,
              0.014921337366104126,
              0.6166889667510986,
              100.11609649658203
            ],
            [
              0.5603950023651123,
              -0.4351661503314972,
              -0.7046895027160645,
              18.665170669555664
            ],
            [
              0.0,
              0.0,
              0.0,
              1.0
            ]
          ],
          "collections": [
            "Layer 1"
          ]
        },
        {
          "name": "RightHandMiddle4",
          "parent": "RightHandMiddle3",
          "hide": false,
          "select": true,
          "use_connect": false,
          "head_local": [
            -56.85127639770508,
            98.28179168701172,
            20.76154327392578
          ],
          "tail_local": [
            -55.2779541015625,
            98.87354278564453,
            19.163257598876953
          ],
          "matrix_local": [
            [
              0.16921012103557587,
              0.6783053874969482,
              -0.7150313854217529,
              -56.85127639770508
            ],
            [
              0.8583476543426514,
              0.2551214098930359,
              0.44514307379722595,
              98.28179168701172
            ],
            [
              0.4843626320362091,
              -0.6890680193901062,
              -0.5390525460243225,
              20.76154327392578
            ],
            [
              0.0,
              0.0,
              0.0,
              1.0
            ]
          ],
          "collections": [
            "Layer 1"
          ]
        },
        {
          "name": "RightHandMiddle5",
          "parent": "RightHandMiddle4",
          "hide": false,
          "select": true,
          "use_connect": false,
          "head_local": [
            -55.1927375793457,
            97.24925994873047,
            22.011804580688477
          ],
          "tail_local": [
            -53.60038757324219,
            97.82905578613281,
            20.42804718017578
          ],
          "matrix_local": [
            [
              0.1692110300064087,
              0.6865089535713196,
              -0.7071586847305298,
              -55.1927375793457
            ],
            [
              0.8583486080169678,
              0.24996712803840637,
              0.4480559229850769,
              97.24925994873047
            ],
            [
              0.48436063528060913,
              -0.682804524898529,
              -0.546966552734375,
              22.011804580688477
            ],
            [
              0.0,
              0.0,
              0.0,
              1.0
            ]
          ],
          "collections": [
            "Layer 1"
          ]
        },
        {
          "name": "RightHandRing1",
          "parent": "RightHand",
          "hide": false,
          "select": true,
          "use_connect": false,
          "head_local": [
            -51.70951461791992,
            103.28421783447266,
            8.822860717773438
          ],
          "tail_local": [
            -45.368919372558594,
            100.01693725585938,
            12.131004333496094
          ],
          "matrix_local": [
            [
              0.11648368835449219,
              0.8064140677452087,
              0.5797652006149292,
              -51.709510803222656
            ],
            [
              0.8091689944267273,
              -0.41554155945777893,
              0.4154161214828491,
              103.28421783447266
            ],
            [
              0.5759140253067017,
              0.42073866724967957,
              -0.7009289860725403,
              8.822860717773438
            ],
            [
              0.0,
              0.0,
              0.0,
              1.0
            ]
          ],
          "collections": [
            "Layer 1"
          ]
        },
        {
          "name": "RightHandRing2",
          "parent": "RightHandRing1",
          "hide": false,
          "select": true,
          "use_connect": false,
          "head_local": [
            -56.268043518066406,
            100.01786804199219,
            14.334025382995605
          ],
          "tail_local": [
            -53.268123626708984,
            98.9014663696289,
            15.295827865600586
          ],
          "matrix_local": [
            [
              0.11648436635732651,
              0.8975626230239868,
              0.4252205193042755,
              -56.26803970336914
            ],
            [
              0.8091694712638855,
              -0.3340224027633667,
              0.483397901058197,
              100.01786804199219
            ],
            [
              0.5759131908416748,
              0.2877669930458069,
              -0.7651886343955994,
              14.334025382995605
            ],
            [
              0.0,
              0.0,
              0.0,
              1.0
            ]
          ],
          "collections": [
            "Layer 1"
          ]
        },
        {
          "name": "RightHandRing3",
          "parent": "RightHandRing2",
          "hide": false,
          "select": true,
          "use_connect": false,
          "head_local": [
            -57.689327239990234,
            98.40232849121094,
            16.891544342041016
          ],
          "tail_local": [
            -55.16367721557617,
            99.23573303222656,
            15.209762573242188
          ],
          "matrix_local": [
            [
              0.11648298799991608,
              0.802628755569458,
              -0.5849945545196533,
              -57.68932342529297
            ],
            [
              0.8091696500778198,
              0.2648484706878662,
              0.5244992971420288,
              98.40232849121094
            ],
            [
              0.5759132504463196,
              -0.5344551205635071,
              -0.6186122894287109,
              16.891544342041016
            ],
            [
              0.0,
              0.0,
              0.0,
              1.0
            ]
          ],
          "collections": [
            "Layer 1"
          ]
        },
        {
          "name": "RightHandRing4",
          "parent": "RightHandRing3",
          "hide": false,
          "select": true,
          "use_connect": false,
          "head_local": [
            -55.8484992980957,
            96.75183868408203,
            18.83810043334961
          ],
          "tail_local": [
            -54.529415130615234,
            97.85629272460938,
            17.01952362060547
          ],
          "matrix_local": [
            [
              0.11648422479629517,
              0.52691650390625,
              -0.8418967723846436,
              -55.8484992980957
            ],
            [
              0.8091694116592407,
              0.44118112325668335,
              0.3880770206451416,
              96.75183868408203
            ],
            [
              0.5759133100509644,
              -0.7264419794082642,
              -0.3749738931655884,
              18.83810043334961
            ],
            [
              0.0,
              0.0,
              0.0,
              1.0
            ]
          ],
          "collections": [
            "Layer 1"
          ]
        },
        {
          "name": "RightHandRing5",
          "parent": "RightHandRing4",
          "hide": false,
          "select": true,
          "use_connect": false,
          "head_local": [
            -53.74089050292969,
            95.78034210205078,
            19.77682876586914
          ],
          "tail_local": [
            -52.42180633544922,
            96.88479614257812,
            17.958251953125
          ],
          "matrix_local": [
            [
              0.11648423969745636,
              0.5269164443016052,
              -0.8418968319892883,
              -53.74089050292969
            ],
            [
              0.8091694116592407,
              0.44118115305900574,
              0.3880769908428192,
              95.78034210205078
            ],
            [
              0.5759133100509644,
              -0.7264420390129089,
              -0.3749738037586212,
              19.77682876586914
            ],
            [
              0.0,
              0.0,
              0.0,
              1.0
            ]
          ],
          "collections": [
            "Layer 1"
          ]
        },
        {
          "name": "RightHandPinky1",
          "parent": "RightHand",
          "hide": false,
          "select": true,
          "use_connect": false,
          "head_local": [
            -51.932796478271484,
            101.48027801513672,
            7.599262237548828
          ],
          "tail_local": [
            -46.067298889160156,
            98.00840759277344,
            9.75757122039795
          ],
          "matrix_local": [
            [
              0.18562676012516022,
              0.8203994035720825,
              0.5408211946487427,
              -51.93279266357422
            ],
            [
              0.7255508303642273,
              -0.4856058955192566,
              0.48760902881622314,
              101.48027038574219
            ],
            [
              0.6626600027084351,
              0.3018798828125,
              -0.6853829026222229,
              7.599262714385986
            ],
            [
              0.0,
              0.0,
              0.0,
              1.0
            ]
          ],
          "collections": [
            "Layer 1"
          ]
        },
        {
          "name": "RightHandPinky2",
          "parent": "RightHandPinky1",
          "hide": false,
          "select": true,
          "use_connect": false,
          "head_local": [
            -55.79936218261719,
            97.99398803710938,
            12.499425888061523
          ],
          "tail_local": [
            -53.495635986328125,
            97.26544952392578,
            13.759018898010254
          ],
          "matrix_local": [
            [
              -0.12817537784576416,
              0.8454681038856506,
              0.518415629863739,
              -55.79935836791992
            ],
            [
              0.738730251789093,
              -0.2673738896846771,
              0.6186989545822144,
              97.99398040771484
            ],
            [
              0.6617010831832886,
              0.46227121353149414,
              -0.590302050113678,
              12.499425888061523
            ],
            [
              0.0,
              0.0,
              0.0,
              1.0
            ]
          ],
          "collections": [
            "Layer 1"
          ]
        },
        {
          "name": "RightHandPinky3",
          "parent": "RightHandPinky2",
          "hide": false,
          "select": true,
          "use_connect": false,
          "head_local": [
            -57.21189498901367,
            96.30809783935547,
            14.107850074768066
          ],
          "tail_local": [
            -55.15605545043945,
            97.09793853759766,
            13.601592063903809
          ],
          "matrix_local": [
            [
              -0.1183457300066948,
              0.9097508192062378,
              -0.39792966842651367,
              -57.211891174316406
            ],
            [
              0.7355749011039734,
              0.34952041506767273,
              0.5803142786026001,
              96.30809020996094
            ],
            [
              0.6670259237289429,
              -0.2240293025970459,
              -0.7105539441108704,
              14.107850074768066
            ],
            [
              0.0,
              0.0,
              0.0,
              1.0
            ]
          ],
          "collections": [
            "Layer 1"
          ]
        },
        {
          "name": "RightHandPinky4",
          "parent": "RightHandPinky3",
          "hide": false,
          "select": true,
          "use_connect": false,
          "head_local": [
            -56.3127555847168,
            94.99677276611328,
            15.713640213012695
          ],
          "tail_local": [
            -55.06800079345703,
            96.28036499023438,
            14.34621524810791
          ],
          "matrix_local": [
            [
              -0.1552083045244217,
              0.5529855489730835,
              -0.8186072111129761,
              -56.31275177001953
            ],
            [
              0.7868422865867615,
              0.5702390074729919,
              0.23602208495140076,
              94.99676513671875
            ],
            [
              0.5973185896873474,
              -0.6074819564819336,
              -0.5236180424690247,
              15.713640213012695
            ],
            [
              0.0,
              0.0,
              0.0,
              1.0
            ]
          ],
          "collections": [
            "Layer 1"
          ]
        },
        {
          "name": "RightHandPinky5",
          "parent": "RightHandPinky4",
          "hide": false,
          "select": true,
          "use_connect": false,
          "head_local": [
            -54.47008514404297,
            94.46550750732422,
            16.892282485961914
          ],
          "tail_local": [
            -53.2253303527832,
            95.74909973144531,
            15.524857521057129
          ],
          "matrix_local": [
            [
              -0.15520814061164856,
              0.5529854893684387,
              -0.8186073303222656,
              -54.4700813293457
            ],
            [
              0.7868421673774719,
              0.5702390670776367,
              0.2360222190618515,
              94.46549987792969
            ],
            [
              0.5973187685012817,
              -0.6074819564819336,
              -0.5236178636550903,
              16.892282485961914
            ],
            [
              0.0,
              0.0,
              0.0,
              1.0
            ]
          ],
          "collections": [
            "Layer 1"
          ]
        },
        {
          "name": "RightHandIndex1",
          "parent": "RightHand",
          "hide": false,
          "select": true,
          "use_connect": false,
          "head_local": [
            -50.82511520385742,
            105.4940414428711,
            10.74996566772461
          ],
          "tail_local": [
            -45.79509353637695,
            100.64866638183594,
            12.384930610656738
          ],
          "matrix_local": [
            [
              0.4639825224876404,
              0.7012439966201782,
              0.5412736535072327,
              -50.825111389160156
            ],
            [
              0.675168514251709,
              -0.6755020618438721,
              0.29638516902923584,
              105.4940414428711
            ],
            [
              0.5734697580337524,
              0.22793331742286682,
              -0.7868788838386536,
              10.74996566772461
            ],
            [
              0.0,
              0.0,
              0.0,
              1.0
            ]
          ],
          "collections": [
            "Layer 1"
          ]
        },
        {
          "name": "RightHandIndex2",
          "parent": "RightHandIndex1",
          "hide": false,
          "select": true,
          "use_connect": false,
          "head_local": [
            -54.707557678222656,
            103.36800384521484,
            16.3942928314209
          ],
          "tail_local": [
            -52.22092819213867,
            100.76929473876953,
            17.64861297607422
          ],
          "matrix_local": [
            [
              0.5957112312316895,
              0.6527972221374512,
              0.4679572880268097,
              -54.70755386352539
            ],
            [
              0.7308347225189209,
              -0.6822206377983093,
              0.021338462829589844,
              103.36800384521484
            ],
            [
              0.33317989110946655,
              0.32928773760795593,
              -0.8834932446479797,
              16.3942928314209
            ],
            [
              0.0,
              0.0,
              0.0,
              1.0
            ]
          ],
          "collections": [
            "Layer 1"
          ]
        },
        {
          "name": "RightHandIndex3",
          "parent": "RightHandIndex2",
          "hide": false,
          "select": true,
          "use_connect": false,
          "head_local": [
            -56.490196228027344,
            103.2867431640625,
            19.759632110595703
          ],
          "tail_local": [
            -54.47744369506836,
            102.1049575805664,
            18.753189086914062
          ],
          "matrix_local": [
            [
              0.5957105159759521,
              0.7918629050254822,
              -0.1344703733921051,
              -56.49019241333008
            ],
            [
              0.7308351993560791,
              -0.4649415910243988,
              0.49970895051956177,
              103.2867431640625
            ],
            [
              0.33318018913269043,
              -0.3959575295448303,
              -0.85569167137146,
              19.759632110595703
            ],
            [
              0.0,
              0.0,
              0.0,
              1.0
            ]
          ],
          "collections": [
            "Layer 1"
          ]
        },
        {
          "name": "RightHandIndex4",
          "parent": "RightHandIndex3",
          "hide": false,
          "select": true,
          "use_connect": false,
          "head_local": [
            -56.148292541503906,
            102.01665496826172,
            21.934642791748047
          ],
          "tail_local": [
            -54.556556701660156,
            101.63871765136719,
            19.91769027709961
          ],
          "matrix_local": [
            [
              0.5957120656967163,
              0.6129065155982971,
              -0.5191078186035156,
              -56.14828872680664
            ],
            [
              0.7308344841003418,
              -0.14552682638168335,
              0.6668603420257568,
              102.01665496826172
            ],
            [
              0.33317896723747253,
              -0.7766385078430176,
              -0.5346251726150513,
              21.93464469909668
            ],
            [
              0.0,
              0.0,
              0.0,
              1.0
            ]
          ],
          "collections": [
            "Layer 1"
          ]
        },
        {
          "name": "RightHandIndex5",
          "parent": "RightHandIndex4",
          "hide": false,
          "select": true,
          "use_connect": false,
          "head_local": [
            -54.80012130737305,
            100.2848129272461,
            23.323068618774414
          ],
          "tail_local": [
            -53.20838165283203,
            99.90687561035156,
            21.30611801147461
          ],
          "matrix_local": [
            [
              0.5957121253013611,
              0.6129077672958374,
              -0.5191062092781067,
              -54.80011749267578
            ],
            [
              0.7308337092399597,
              -0.14552675187587738,
              0.6668612360954285,
              100.2848129272461
            ],
            [
              0.33318066596984863,
              -0.7766373753547668,
              -0.5346255898475647,
              23.323068618774414
            ],
            [
              0.0,
              0.0,
              0.0,
              1.0
            ]
          ],
          "collections": [
            "Layer 1"
          ]
        },
        {
          "name": "RightHandThumb1",
          "parent": "RightHand",
          "hide": false,
          "select": true,
          "use_connect": false,
          "head_local": [
            -48.803836822509766,
            105.37124633789062,
            7.621079921722412
          ],
          "tail_local": [
            -49.44506072998047,
            102.4776611328125,
            6.522787094116211
          ],
          "matrix_local": [
            [
              0.9657478332519531,
              -0.2028718739748001,
              0.16178420186042786,
              -48.8038330078125
            ],
            [
              -0.24569177627563477,
              -0.9154781103134155,
              0.3186454176902771,
              105.37124633789062
            ],
            [
              0.08346563577651978,
              -0.3474801182746887,
              -0.9339649677276611,
              7.621081352233887
            ],
            [
              0.0,
              0.0,
              0.0,
              1.0
            ]
          ],
          "collections": [
            "Layer 1"
          ]
        },
        {
          "name": "RightHandThumb2",
          "parent": "RightHandThumb1",
          "hide": false,
          "select": true,
          "use_connect": false,
          "head_local": [
            -49.3153190612793,
            104.36427307128906,
            10.573142051696777
          ],
          "tail_local": [
            -50.493919372558594,
            99.9525375366211,
            11.223749160766602
          ],
          "matrix_local": [
            [
              0.9657477736473083,
              -0.25551921129226685,
              0.04517916589975357,
              -49.31531524658203
            ],
            [
              -0.24569104611873627,
              -0.9564592242240906,
              -0.15754738450050354,
              104.36427307128906
            ],
            [
              0.08346833288669586,
              0.14105096459388733,
              -0.9864771366119385,
              10.57314395904541
            ],
            [
              0.0,
              0.0,
              0.0,
              1.0
            ]
          ],
          "collections": [
            "Layer 1"
          ]
        },
        {
          "name": "RightHandThumb3",
          "parent": "RightHandThumb2",
          "hide": false,
          "select": true,
          "use_connect": false,
          "head_local": [
            -49.523590087890625,
            105.09133911132812,
            15.123276710510254
          ],
          "tail_local": [
            -50.167179107666016,
            102.17959594726562,
            13.99893856048584
          ],
          "matrix_local": [
            [
              0.965748131275177,
              -0.20194566249847412,
              0.1629372388124466,
              -49.52358627319336
            ],
            [
