{
  "file": "P:\\Animation_Weapon\\Weapon_template_dayz_diag_restored.blend",
  "saved_reference_pose_as": "P:\\Animation_Weapon\\Weapon_template_dayz_diag_right_hand_user_correct.blend",
  "frame": 1,
  "mode": "POSE",
  "active_object": "_DayZ_Character",
  "selected_objects": [
    "_DayZ_Character"
  ],
  "bones": {
    "RightShoulder": {
      "name": "RightShoulder",
      "parent": "Spine3",
      "head_world": [
        0.07025651633739471,
        0.0431821383535862,
        1.3398535251617432
      ],
      "tail_world": [
        -0.05503547191619873,
        0.11501866579055786,
        1.2755001783370972
      ],
      "direction_world": [
        -0.7924172878265381,
        0.4543347954750061,
        -0.4070069193840027
      ],
      "length": 0.15811363974292458,
      "matrix_basis": [
        [
          0.9605792760848999,
          -0.27234527468681335,
          -0.05581691116094589,
          0.0
        ],
        [
          0.26423215866088867,
          0.9568096995353699,
          -0.12122950702905655,
          0.0
        ],
        [
          0.08642244338989258,
          0.10170193016529083,
          0.9910539388656616,
          0.0
        ],
        [
          0.0,
          0.0,
          0.0,
          1.0
        ]
      ],
      "basis_quat": [
        0.9884891510009766,
        0.05638186261057854,
        -0.0359739288687706,
        0.13570645451545715
      ],
      "basis_euler_xyz_deg": [
        5.859181303073412,
        -4.957825570855747,
        15.380291690020998
      ],
      "pose_quat": [
        0.6002505421638489,
        0.16203784942626953,
        -0.6056953072547913,
        0.49656444787979126
      ],
      "pose_euler_xyz_deg": [
        -62.29222681548673,
        -62.63075831150924,
        119.57272036520656
      ],
      "rest_quat": [
        0.5137850046157837,
        -0.6007079482078552,
        -0.3730296492576599,
        -0.4858229160308838
      ],
      "constraints": []
    },
    "RightArm": {
      "name": "RightArm",
      "parent": "RightShoulder",
      "head_world": [
        0.19592227041721344,
        -0.028126545250415802,
        1.4040647745132446
      ],
      "tail_world": [
        0.11854062974452972,
        -0.04940901696681976,
        1.4637234210968018
      ],
      "direction_world": [
        -0.7738157510757446,
        -0.21282453835010529,
        0.5965859293937683
      ],
      "length": 0.10000008153725816,
      "matrix_basis": [
        [
          0.9170910120010376,
          0.04190576821565628,
          -0.3964694142341614,
          0.0
        ],
        [
          -0.34044715762138367,
          0.5998056530952454,
          -0.7241056561470032,
          0.0
        ],
        [
          0.207460418343544,
          0.7990476489067078,
          0.5643430948257446,
          0.0
        ],
        [
          0.0,
          0.0,
          0.0,
          1.0
        ]
      ],
      "basis_quat": [
        0.8776730298995972,
        0.43386128544807434,
        -0.1720258593559265,
        -0.10891098529100418
      ],
      "basis_euler_xyz_deg": [
        54.76760548236961,
        -11.97356579429518,
        -20.366189765252322
      ],
      "pose_quat": [
        0.49133816361427307,
        0.7558512091636658,
        -0.3900955319404602,
        0.1873532086610794
      ],
      "pose_euler_xyz_deg": [
        126.84110715161066,
        -41.8021100979337,
        -32.96324084019565
      ],
      "rest_quat": [
        0.2621631324291229,
        -0.33064213395118713,
        -0.5601083040237427,
        -0.7128989696502686
      ],
      "constraints": []
    },
    "RightArmRoll": {
      "name": "RightArmRoll",
      "parent": "RightArm",
      "head_world": [
        0.3506854772567749,
        0.014438353478908539,
        1.2847477197647095
      ],
      "tail_world": [
        0.2733025550842285,
        -0.006842056289315224,
        1.3444054126739502
      ],
      "direction_world": [
        -0.7738288044929504,
        -0.21280397474765778,
        0.5965765714645386
      ],
      "length": 0.10000006523912507,
      "matrix_basis": [
        [
          0.8570054173469543,
          -2.2459465981228277e-05,
          0.5153074264526367,
          0.0
        ],
        [
          1.2483803402574267e-05,
          1.0,
          2.2822840037406422e-05,
          0.0
        ],
        [
          -0.5153074264526367,
          -1.3126301382726524e-05,
          0.8570054173469543,
          0.0
        ],
        [
          0.0,
          0.0,
          0.0,
          1.0
        ]
      ],
      "basis_quat": [
        0.9635884165763855,
        -9.326891813543625e-06,
        0.26738977432250977,
        9.065921403816901e-06
      ],
      "basis_euler_xyz_deg": [
        -0.0008775695642487988,
        31.01800979476519,
        0.0008346148072146761
      ],
      "pose_quat": [
        0.5777605772018433,
        0.6782249808311462,
        -0.2445213943719864,
        0.3826393485069275
      ],
      "pose_euler_xyz_deg": [
        93.7937969280159,
        -53.281322168028986,
        10.647268562204703
      ],
      "rest_quat": [
        0.26216328144073486,
        -0.33064210414886475,
        -0.5601083040237427,
        -0.7128989696502686
      ],
      "constraints": []
    },
    "RightForeArm": {
      "name": "RightForeArm",
      "parent": "RightArmRoll",
      "head_world": [
        0.4203301966190338,
        0.033590734004974365,
        1.2310558557510376
      ],
      "tail_world": [
        0.48836618661880493,
        -0.02677883952856064,
        1.1895033121109009
      ],
      "direction_world": [
        0.6803600192070007,
        -0.6036958694458008,
        -0.41552552580833435
      ],
      "length": 0.09999997559934556,
      "matrix_basis": [
        [
          0.997123122215271,
          8.044195965339895e-06,
          -0.0757988691329956,
          0.0
        ],
        [
          -0.0683613196015358,
          -0.43189579248428345,
          -0.8993291258811951,
          0.0
        ],
        [
          -0.03274444118142128,
          0.9019235968589783,
          -0.4306527376174927,
          0.0
        ],
        [
          0.0,
          0.0,
          0.0,
          1.0
        ]
      ],
      "basis_quat": [
        0.5325821042060852,
        0.8455281853675842,
        -0.020210228860378265,
        -0.032093342393636703
      ],
      "basis_euler_xyz_deg": [
        115.52366128181795,
        1.8764536018093718,
        -3.9219787181254775
      ],
      "pose_quat": [
        0.362627238035202,
        -0.8234381079673767,
        -0.25817352533340454,
        -0.3518488109111786
      ],
      "pose_euler_xyz_deg": [
        -139.66746475246424,
        -50.05783829490357,
        15.354570905154022
      ],
      "rest_quat": [
        0.30216893553733826,
        -0.29452937841415405,
        -0.6464062333106995,
        -0.6356928944587708
      ],
      "constraints": []
    },
    "RightForeArmRoll": {
      "name": "RightForeArmRoll",
      "parent": "RightForeArm",
      "head_world": [
        0.2815369963645935,
        0.15674442052841187,
        1.315822958946228
      ],
      "tail_world": [
        0.34957313537597656,
        0.09637494385242462,
        1.2742702960968018
      ],
      "direction_world": [
        0.6803609132766724,
        -0.6036943793296814,
        -0.4155263602733612
      ],
      "length": 0.10000006814950617,
      "matrix_basis": [
        [
          0.8876214623451233,
          -9.052496352524031e-08,
          -0.4605737328529358,
          0.0
        ],
        [
          -6.418696330001694e-07,
          1.0,
          -1.4335646483232267e-06,
          0.0
        ],
        [
          0.4605737328529358,
          1.5680909655202413e-06,
          0.8876214623451233,
          0.0
        ],
        [
          0.0,
          0.0,
          0.0,
          1.0
        ]
      ],
      "basis_quat": [
        0.9714992046356201,
        7.724287343080505e-07,
        -0.23704276978969574,
        -1.418798518670883e-07
      ],
      "basis_euler_xyz_deg": [
        0.00010121994260013122,
        -27.424135008233733,
        -4.1432549466683754e-05
      ],
      "pose_quat": [
        0.29109427332878113,
        -0.8833722472190857,
        -0.3367742598056793,
        -0.14663107693195343
      ],
      "pose_euler_xyz_deg": [
        -152.1823520667869,
        -27.073030841496518,
        34.91357403693611
      ],
      "rest_quat": [
        0.3021688163280487,
        -0.2945289611816406,
        -0.6464062333106995,
        -0.6356931328773499
      ],
      "constraints": []
    },
    "RightHand": {
      "name": "RightHand",
      "parent": "RightForeArmRoll",
      "head_world": [
        0.23323103785514832,
        0.19960705935955048,
        1.3453255891799927
      ],
      "tail_world": [
        0.224588543176651,
        0.10140731185674667,
        1.328528881072998
      ],
      "direction_world": [
        -0.08642489463090897,
        -0.9819968938827515,
        -0.16796699166297913
      ],
      "length": 0.10000006320185825,
      "matrix_basis": [
        [
          0.7361869215965271,
          -0.6400023698806763,
          -0.22005869448184967,
          0.0
        ],
        [
          0.6589884161949158,
          0.6038204431533813,
          0.4484810531139374,
          0.0
        ],
        [
          -0.15415295958518982,
          -0.4751819968223572,
          0.8662788271903992,
          0.0
        ],
        [
          0.0,
          0.0,
          0.0,
          1.0
        ]
      ],
      "basis_quat": [
        0.8953052759170532,
        -0.25791847705841064,
        -0.018403146415948868,
        0.36272287368774414
      ],
      "basis_euler_xyz_deg": [
        -28.746196669265156,
        8.867675580562574,
        41.83291425109046
      ],
      "pose_quat": [
        0.07976923137903214,
        -0.990820586681366,
        0.0513654462993145,
        -0.09629671275615692
      ],
      "pose_euler_xyz_deg": [
        -170.1633441512224,
        -10.523031690070402,
        -6.843332161523148
      ],
      "rest_quat": [
        0.30216896533966064,
        -0.2945287525653839,
        -0.6464061737060547,
        -0.6356932520866394
      ],
      "constraints": []
    },
    "RightHand_Dummy": {
      "name": "RightHand_Dummy",
      "parent": "RightHand",
      "head_world": [
        0.21450355648994446,
        0.4022650718688965,
        1.344657063484192
      ],
      "tail_world": [
        0.21536485850811005,
        0.30227285623550415,
        1.3456062078475952
      ],
      "direction_world": [
        0.0086129829287529,
        -0.9999178647994995,
        0.00949140265583992
      ],
      "length": 0.10000043126236963,
      "matrix_basis": [
        [
          0.030338410288095474,
          -0.7301284074783325,
          0.6826363205909729,
          0.45901259779930115
        ],
        [
          0.9690995216369629,
          -0.14577573537826538,
          -0.19898734986782074,
          0.3131229877471924
        ],
        [
          0.2447979897260666,
          0.6675794124603271,
          0.7031441926956177,
          -0.5524656772613525
        ],
        [
          0.0,
          0.0,
          0.0,
          1.0
        ]
      ],
      "basis_quat": [
        0.6300212740898132,
        0.3438640236854553,
        0.1737394630908966,
        0.6742739677429199
      ],
      "basis_euler_xyz_deg": [
        43.5137315982768,
        -14.169895937956467,
        88.20689343224223
      ],
      "pose_quat": [
        0.0064014410600066185,
        0.7077991962432861,
        -0.00030429172329604626,
        -0.7063846588134766
      ],
      "pose_euler_xyz_deg": [
        101.66492058791694,
        89.44468763438861,
        -77.84171936672188
      ],
      "rest_quat": [
        0.7066452503204346,
        -0.003986915107816458,
        0.7075510621070862,
        0.0028420952148735523
      ],
      "constraints": []
    },
    "RightHandIK": {
      "name": "RightHandIK",
      "parent": "RightHand_Dummy",
      "head_world": [
        0.6493801474571228,
        0.1196354329586029,
        1.0489078760147095
      ],
      "tail_world": [
        0.611027181148529,
        0.11917658150196075,
        1.0809835195541382
      ],
      "direction_world": [
        -0.7670581340789795,
        -0.009177015163004398,
        0.6415119171142578
      ],
      "length": 0.05000007460449302,
      "matrix_basis": [
        [
          1.0,
          0.0,
          0.0,
          0.0
        ],
        [
          0.0,
          1.0,
          0.0,
          0.0
        ],
        [
          0.0,
          0.0,
          1.0,
          0.0
        ],
        [
          0.0,
          0.0,
          0.0,
          1.0
        ]
      ],
      "basis_quat": [
        1.0,
        0.0,
        0.0,
        0.0
      ],
      "basis_euler_xyz_deg": [
        0.0,
        -0.0,
        0.0
      ],
      "pose_quat": [
        0.640295147895813,
        0.6408416032791138,
        -0.29229021072387695,
        0.3064482808113098
      ],
      "pose_euler_xyz_deg": [
        89.30546105834708,
        -50.091832146402716,
        1.590874961596382
      ],
      "rest_quat": [
        0.30490797758102417,
        -0.29340481758117676,
        -0.6446552872657776,
        -0.6366823315620422
      ],
      "constraints": []
    },
    "RightHandOrigin": {
      "name": "RightHandOrigin",
      "parent": "RightShoulder",
      "head_world": [
        0.21406137943267822,
        0.11528190970420837,
        1.3521907329559326
      ],
      "tail_world": [
        0.20455490052700043,
        0.017318494617938995,
        1.33450448513031
      ],
      "direction_world": [
        -0.09506475180387497,
        -0.9796337485313416,
        -0.17686240375041962
      ],
      "length": 0.1000000337342442,
      "matrix_basis": [
        [
          0.7164099216461182,
          -0.17122040688991547,
          -0.6763433814048767,
          -0.03574502468109131
        ],
        [
          -0.6656642556190491,
          -0.4580423831939697,
          -0.5891419649124146,
          0.5782453417778015
        ],
        [
          -0.20892080664634705,
          0.8722848296165466,
          -0.4421214163303375,
          -0.22095343470573425
        ],
        [
          0.0,
          0.0,
          0.0,
          1.0
        ]
      ],
      "basis_quat": [
        0.45173174142837524,
        0.8087913393974304,
        -0.2586837410926819,
        -0.2736380398273468
      ],
      "basis_euler_xyz_deg": [
        116.87837466217661,
        12.059118182517821,
        -42.89721823322394
      ],
      "pose_quat": [
        0.08389011770486832,
        -0.9903037548065186,
        0.05608552694320679,
        -0.09547434747219086
      ],
      "pose_euler_xyz_deg": [
        -169.64252856663057,
        -10.351538446616075,
        -7.423660038126927
      ],
      "rest_quat": [
        0.3021688163280487,
        -0.2945288121700287,
        -0.646406352519989,
        -0.6356930732727051
      ],
      "constraints": []
    },
    "RightForeArmDirection": {
      "name": "RightForeArmDirection",
      "parent": "RightShoulder",
      "head_world": [
        0.4284398555755615,
        0.03205804526805878,
        1.2506272792816162
      ],
      "tail_world": [
        0.4994252324104309,
        -0.0290125273168087,
        1.2155351638793945
      ],
      "direction_world": [
        0.7098538875579834,
        -0.6107058525085449,
        -0.3509212136268616
      ],
      "length": 0.09999997501726882,
      "matrix_basis": [
        [
          0.9526994824409485,
          0.14422664046287537,
          -0.2675115168094635,
          0.008524775505065918
        ],
        [
          0.08166656643152237,
          -0.9693371057510376,
          -0.2317677140235901,
          0.05755886435508728
        ],
        [
          -0.29273590445518494,
          0.19895823299884796,
          -0.9352654218673706,
          -0.250580370426178
        ],
        [
          0.0,
          0.0,
          0.0,
          1.0
        ]
      ],
      "basis_quat": [
        0.10965519398450851,
        0.9820007681846619,
        0.057508405297994614,
        -0.14262907207012177
      ],
      "basis_euler_xyz_deg": [
        167.99053803283627,
        17.021821789101427,
        4.899486790720553
      ],
      "pose_quat": [
        0.32852956652641296,
        -0.8331031799316406,
        -0.2944747805595398,
        -0.3336046040058136
      ],
      "pose_euler_xyz_deg": [
        -147.99817818123708,
        -48.533363977818816,
        24.201270974775486
      ],
      "rest_quat": [
        0.3021690249443054,
        -0.2945294976234436,
        -0.6464061141014099,
        -0.6356928944587708
      ],
      "constraints": []
    },
    "RightForeArmDirectionOrigin": {
      "name": "RightForeArmDirectionOrigin",
      "parent": "RightHand",
      "head_world": [
        0.4206133484840393,
        0.05915197730064392,
        1.2011582851409912
      ],
      "tail_world": [
        0.48874956369400024,
        0.008073631674051285,
        1.1487325429916382
      ],
      "direction_world": [
        0.6813621520996094,
        -0.5107834339141846,
        -0.5242574214935303
      ],
      "length": 0.09999999771825967,
      "matrix_basis": [
        [
          0.7447029948234558,
          0.6292240023612976,
          0.22247396409511566,
          0.17304351925849915
        ],
        [
          -0.20260567963123322,
          0.5307584404945374,
          -0.8229498863220215,
          -0.12905293703079224
        ],
        [
          -0.6358997225761414,
          0.5677787661552429,
          0.5227417349815369,
          0.15613877773284912
        ],
        [
          0.0,
          0.0,
          0.0,
          1.0
        ]
      ],
      "basis_quat": [
        0.8363915681838989,
        0.4156930446624756,
        0.2565705180168152,
        -0.2486364245414734
      ],
      "basis_euler_xyz_deg": [
        47.36489619574805,
        39.48674427119108,
        -15.219654178478761
      ],
      "pose_quat": [
        0.4414738714694977,
        -0.7836191058158875,
        -0.2229553610086441,
        -0.37594255805015564
      ],
      "pose_euler_xyz_deg": [
        -121.99553872797183,
        -51.81784827042162,
        1.6209914000810839
      ],
      "rest_quat": [
        0.30216893553733826,
        -0.29452934861183167,
        -0.6464062333106995,
        -0.6356928944587708
      ],
      "constraints": []
    },
    "LeftHand": {
      "name": "LeftHand",
      "parent": "LeftForeArmRoll",
      "head_world": [
        0.13703444600105286,
        0.5070923566818237,
        1.3940355777740479
      ],
      "tail_world": [
        0.21872028708457947,
        0.56010901927948,
        1.3713054656982422
      ],
      "direction_world": [
        0.8168583512306213,
        0.5301665663719177,
        -0.22730110585689545
      ],
      "length": 0.10000000499421718,
      "matrix_basis": [
        [
          0.8283094167709351,
          -0.5449681878089905,
          -0.13005053997039795,
          0.0
        ],
        [
          0.5578242540359497,
          0.7804982662200928,
          0.2822313606739044,
          0.0
        ],
        [
          -0.05230289697647095,
          -0.3063202500343323,
          0.9504905343055725,
          0.0
        ],
        [
          0.0,
          0.0,
          0.0,
          1.0
        ]
      ],
      "basis_quat": [
        0.9433051347732544,
        -0.15598124265670776,
        -0.020605118945240974,
        0.29226821660995483
      ],
      "basis_euler_xyz_deg": [
        -17.862882745760334,
        2.9981029984406344,
        33.95826279848311
      ],
      "pose_quat": [
        0.7718613743782043,
        -0.3343188166618347,
        -0.41147705912590027,
        -0.35092389583587646
      ],
      "pose_euler_xyz_deg": [
        -27.435999046822044,
        -60.44091087114394,
        -32.712193822157246
      ],
      "rest_quat": [
        0.2945308983325958,
        0.30217158794403076,
        0.6356929540634155,
        -0.6464042067527771
      ],
      "constraints": []
    },
    "LeftHand_Dummy": {
      "name": "LeftHand_Dummy",
      "parent": "LeftHand",
      "head_world": [
        0.22217229008674622,
        0.5700511932373047,
        1.3701339960098267
      ],
      "tail_world": [
        0.25625282526016235,
        0.5991061329841614,
        1.3479005098342896
      ],
      "direction_world": [
        0.681610643863678,
        0.581098735332489,
        -0.4446696937084198
      ],
      "length": 0.050000003515742596,
      "matrix_basis": [
        [
          1.0,
          -2.768646845652256e-05,
          3.8744633457099553e-07,
          5.960464477539062e-07
        ],
        [
          2.768646845652256e-05,
          1.0,
          -9.313209829997504e-07,
          -1.4901161193847656e-06
        ],
        [
          -3.874205276588327e-07,
          9.313316695624962e-07,
          1.0,
          1.430511474609375e-06
        ],
        [
          0.0,
          0.0,
          0.0,
          1.0
        ]
      ],
      "basis_quat": [
        1.0,
        4.6566316314056166e-07,
        1.9371671555745706e-07,
        1.384323422826128e-05
      ],
      "basis_euler_xyz_deg": [
        5.336137399280363e-05,
        2.219756113158249e-05,
        0.0015863177921808253
      ],
      "pose_quat": [
        0.3643246293067932,
        0.2471841424703598,
        0.8110592365264893,
        -0.38516291975975037
      ],
      "pose_euler_xyz_deg": [
        45.44375864261481,
        128.6119839580982,
        -11.116028713810909
      ],
      "rest_quat": [
        0.5908127427101135,
        -0.602429986000061,
        -0.3763847351074219,
        -0.38256123661994934
      ],
      "constraints": []
    }
  },
  "right_chain_basis_deltas": {
    "RightArm->RightArmRoll": {
      "matrix": [
        [
          0.679041862487793,
          -0.34047049283981323,
          0.6503706574440002,
          0.0
        ],
        [
          -0.3758341670036316,
          0.5997942090034485,
          0.7063961029052734,
          0.0
        ],
        [
          -0.6305956244468689,
          -0.7241040468215942,
          0.27932488918304443,
          0.0
        ],
        [
          0.0,
          0.0,
          0.0,
          1.0
        ]
      ],
      "quat": [
        0.7997126579284668,
        -0.44719198346138,
        0.400445818901062,
        -0.011055110022425652
      ],
      "euler_xyz_deg": [
        -68.90575555483751,
        39.09408352599621,
        -28.963523043371207
      ]
    },
    "RightArmRoll->RightForeArm": {
      "matrix": [
        [
          0.8714125156402588,
          -0.4647664427757263,
          0.1569472849369049,
          0.0
        ],
        [
          -0.06838328391313553,
          -0.43190762400627136,
          -0.8993217945098877,
          0.0
        ],
        [
          0.48576122522354126,
          0.7729476690292358,
          -0.4081519544124603,
          0.0
        ],
        [
          0.0,
          0.0,
          0.0,
          1.0
        ]
      ],
      "quat": [
        0.507777750492096,
        0.8233274221420288,
        -0.1618887335062027,
        0.1951557993888855
      ],
      "euler_xyz_deg": [
        117.83611744797415,
        -29.06235588066129,
        -4.487039841273809
      ]
    },
    "RightForeArm->RightForeArmRoll": {
      "matrix": [
        [
          0.8699867129325867,
          -0.06836146116256714,
          -0.4883132874965668,
          0.0
        ],
        [
          0.4154096841812134,
          -0.43189433217048645,
          0.8005635142326355,
          0.0
        ],
        [
          -0.2656274437904358,
          -0.899329662322998,
          -0.347344309091568,
          0.0
        ],
        [
          0.0,
          0.0,
          0.0,
          1.0
        ]
      ],
      "quat": [
        0.5221944451332092,
        -0.8138220906257629,
        -0.10661058872938156,
        0.2316049188375473
      ],
      "euler_xyz_deg": [
        -111.11784775770123,
        15.404240040798355,
        25.523995164156403
      ]
    },
    "RightForeArmRoll->RightHand": {
      "matrix": [
        [
          0.582456111907959,
          -0.7869365811347961,
          0.2036561667919159,
          0.0
        ],
        [
          0.6589881181716919,
          0.603819727897644,
          0.4484824240207672,
          0.0
        ],
        [
          -0.47589877247810364,
          -0.12701433897018433,
          0.8702803254127502,
          0.0
        ],
        [
          0.0,
          0.0,
          0.0,
          1.0
        ]
      ],
      "quat": [
        0.8741504549980164,
        -0.16458745300769806,
        0.19434724748134613,
        0.413522869348526
      ],
      "euler_xyz_deg": [
        -8.303491709835766,
        28.417886551335567,
        48.52768809061853
      ]
    },
    "RightHand->RightHand_Dummy": {
      "matrix": [
        [
          0.6232237815856934,
          -0.7364848852157593,
          0.26302579045295715,
          0.6294277310371399
        ],
        [
          0.44942179322242737,
          0.062039814889431,
          -0.8911628723144531,
          0.1578226387500763
        ],
        [
          0.6400097608566284,
          0.673603355884552,
          0.3696567714214325,
          -0.439169317483902
        ],
        [
          0.0,
          0.0,
          0.0,
          1.0
        ]
      ],
      "quat": [
        0.7167496681213379,
        0.5457854270935059,
        -0.1314907819032669,
        0.41364040970802307
      ],
      "euler_xyz_deg": [
        61.2431029287836,
        -39.79254891580547,
        35.79629402489022
      ]
    }
  },
  "interpretation": {
    "purpose": "Snapshot of user-corrected right hand loaded pose. Use matrix_basis/quaternion deltas to reproduce this as default loaded pose without changing DayZ skeleton names.",
    "do_not_apply_to_rest_skeleton_yet": true
  }
}