{
  "1": {
    "matrix_world": [
      [
        0.008613530546426773,
        0.9999617338180542,
        -0.0020408942364156246,
        0.23533211648464203
      ],
      [
        -0.9788179993629456,
        0.008848842233419418,
        0.2045477330684662,
        0.31426236033439636
      ],
      [
        0.20455814898014069,
        0.0002358828642172739,
        0.9788565039634705,
        1.3119711875915527
      ],
      [
        0.0,
        0.0,
        0.0,
        1.0
      ]
    ],
    "matrix_basis": [
      [
        -4.371138828673793e-08,
        4.371138828673793e-08,
        -1.0,
        0.0
      ],
      [
        1.0,
        1.910685676922942e-15,
        -4.371138828673793e-08,
        0.0
      ],
      [
        0.0,
        -1.0,
        -4.371138828673793e-08,
        0.0
      ],
      [
        0.0,
        0.0,
        0.0,
        1.0
      ]
    ],
    "matrix_local": [
      [
        0.008613530546426773,
        0.9999617338180542,
        -0.0020408942364156246,
        0.23533211648464203
      ],
      [
        -0.9788179993629456,
        0.008848842233419418,
        0.2045477330684662,
        0.31426236033439636
      ],
      [
        0.20455814898014069,
        0.0002358828642172739,
        0.9788565039634705,
        1.3119711875915527
      ],
      [
        0.0,
        0.0,
        0.0,
        1.0
      ]
    ],
    "constraints": [
      {
        "name": "Child Of",
        "type": "CHILD_OF",
        "target": "_DayZ_Character",
        "subtarget": "Weapon_Root",
        "target_space": "WORLD",
        "owner_space": "WORLD",
        "influence": 1.0
      }
    ],
    "parent": null,
    "parent_bone": "",
    "rotation_euler": [
      -1.5707963705062866,
      0.0,
      1.5707963705062866
    ],
    "scale": [
      1.0,
      1.0,
      1.0
    ]
  },
  "1.001": {
    "matrix_world": [
      [
        0.008613686077296734,
        0.9999632239341736,
        -0.001097749569453299,
        0.23533211648464203
      ],
      [
        -0.9791451096534729,
        0.008657158352434635,
        0.20298387110233307,
        0.31426236033439636
      ],
      [
        0.20298609137535095,
        -0.000673486094456166,
        0.979183554649353,
        1.3119711875915527
      ],
      [
        0.0,
        0.0,
        0.0,
        1.0
      ]
    ],
    "matrix_basis": [
      [
        -4.371138828673793e-08,
        4.371138828673793e-08,
        -1.0,
        0.0
      ],
      [
        1.0,
        1.910685676922942e-15,
        -4.371138828673793e-08,
        0.0
      ],
      [
        0.0,
        -1.0,
        -4.371138828673793e-08,
        0.0
      ],
      [
        0.0,
        0.0,
        0.0,
        1.0
      ]
    ],
    "matrix_local": [
      [
        0.008613686077296734,
        0.9999632239341736,
        -0.001097749569453299,
        0.23533211648464203
      ],
      [
        -0.9791451096534729,
        0.008657158352434635,
        0.20298387110233307,
        0.31426236033439636
      ],
      [
        0.20298609137535095,
        -0.000673486094456166,
        0.979183554649353,
        1.3119711875915527
      ],
      [
        0.0,
        0.0,
        0.0,
        1.0
      ]
    ],
    "constraints": [
      {
        "name": "Child Of",
        "type": "CHILD_OF",
        "target": "_DayZ_Character",
        "subtarget": "Weapon_Magazine",
        "target_space": "WORLD",
        "owner_space": "WORLD",
        "influence": 1.0
      }
    ],
    "parent": null,
    "parent_bone": "",
    "rotation_euler": [
      -1.5707963705062866,
      0.0,
      1.5707963705062866
    ],
    "scale": [
      1.0,
      1.0,
      1.0
    ]
  }
}